0
13615
13655
19738
19776
21569
26316
26972
34815
39468
42380
49061
87963
145999
152955
160412
240116
352205
426654
929809
990018
1337727
1359565
1651584
1717629
1728193
1793568
1913758
2004720
2236962
2301728
2313075
2374579
2391890
2399474
3183362
3351066
3355443
3393339
3428943
3434779
3542630
3773998
3832097
3968060
4016230
4065802
4073251
4285507
4340748
4473924
4495803
4559223
4605510
4612472
4666933
4671303
4804436
4809033
4854924
5054731
5072410
5286655
5378955
5395026
5521723
5666134
5862272
5918280
5991734
6291544
6381914
6381921
6645086
6645094
6687291
6699455
6702131
6702352
6710886
6834797
6967599
7353344
7434609
7551546
7566195
8000018
8026746
8033996
8060972
8079449
8163038
8263442
8355711
8391449
8399890
8406579
8408320
8421504
8440772
8505220
8540461
8550167
8561591
8916559
9031132
9145087
9153470
9163744
9197176
9211020
9404166
9424339
9469598
9482692
9614535
9682745
9746121
9868939
9877964
10167040
10167474
10197647
10242335
10255717
10340289
10474203
10541777
10592406
10605751
10664526
10671280
10790054
10896715
10927445
10987948
11053224
11057133
11112295
11190108
11198148
11263426
11321953
11518306
11519079
11579812
11720246
11720952
11770767
11780969
11781741
11841150
11984581
12044403
12115392
12175727
12218689
12307315
12504182
12504184
12517551
12635771
12832639
12837073
12898689
13030021
13031851
13095300
13163437
13226377
13227146
13229526
13407549
13420474
13424014
13538264
13555607
13621402
13685196
13724499
13818270
13947850
13949600
13952918
14013333
14014162
14015375
14079128
14081171
14187008
14209512
14210459
14212247
14212502
14275263
14323499
14409117
14560552
14788922
14790478
14802147
14806505
14932424
14933676
14934482
14951168
15000550
15001506
15014691
15022389
15037299
15066325
15086900
15094016
15120977
15122536
15128239
15214341
15260347
15262165
15263452
15263939
15263976
15265772
15462639
15524822
15590858
15590859
15592411
15592899
15656370
15656651
15658734
15690752
15754290
15763456
15790320
15900208
16027569
16049608
16056407
16064048
16087552
16088855
16113596
16115926
16116442
16117459
16118756
16245955
16391736
16431936
16433750
16440736
16445409
16557154
16577510
16579836
16728450
16733986
16740096
16746306
16747109
16748864
16750080
16750592
16756055
16760320
16762880
16763913
16764506
16765952
16766323
16767702
16776442
16776958
16777215
233867264
234004016
234880250
234881023
318766330
442905727
445352703
447655326
451800027
452107824
452109632
452321212
452377439
452764770
452984058
452984574
452984831
609045837
670074880
670211632
670398976
671088382
671088639
857551774
859645463
862148400
863203947
863664762
864585864
864783103
864964125
865445970
865506955
865871792
865893733
867217828
867350728
869585866
869590934
869652178
870704341
871230427
871536408
871540032
871741262
871807839
871811973
872195170
872215006
872414458
872414974
872415231
1089642032
1089829376
1090519039
1216522952
1296319556
1298131758
1298356016
1298359132
1299411563
1299872378
1300267136
1300793480
1300990719
1301043238
1301056384
1301653586
1301714571
1302101349
1302438038
1303425444
1303556514
1304148906
1304938175
1305793482
1305798550
1305859794
1306645694
1306647779
1306780114
1307438043
1307504366
1307747648
1307961558
1307962074
1307964388
1308015455
1308019589
1308218259
1308422622
1308425468
1308591910
1308594496
1308601687
1308622590
1308622847
1523897290
1545508592
1714860223
1715283479
1715287582
1716933887
1717150383
1717786416
1717789532
1719302778
1720223880
1720486784
1720602141
1721144971
1721531749
1721782290
1722855844
1724152575
1724368575
1725290194
1727174424
1728053247
1943327690
2147483648
2148141581
2148214779
2149713445
2151957572
2152292681
2153997148
2154984050
2155510394
2155905152
2156431496
2156681254
2156694400
2157291602
2157352326
2157739365
2159194530
2160360191
2161168844
2162044200
2162418130
2162506037
2163123456
2164002331
2164260606
2567571981
2567645179
2569143845
2570486556
2571723081
2572580182
2573200174
2575861896
2576111654
2576722002
2576782726
2576782987
2577169765
2578493860
2579790591
2580006591
2582553856
2583432731
2583691006
2583691263
2789826889
2790683990
2801593470
3003121664
3006694172
3010678054
3011148410
3011219253
3011543168
3012069512
3012990603
3013377381
3014701476
3016153515
3019870528
3019898622
3019898879
3258727484
3422763904
3427361097
3428218198
3430578810
3430649653
3431500856
3431583196
3432421003
3432785840
3432807781
3434131876
3435428607
3858759680
3866786426
3867181184
3868628619
3869015397
3870339492
3874877139
3942645760
4000533798
4085284992
4278401920
4280503155
4288423856
4294761984
4294960384
4294967295
