Applications Graphics Acceleration Info:
Uptime: 36344561 Realtime: 36344561

** Graphics info for pid 11360 [org.ultimatemaps.spike.maplibre] **

Stats since: 36337649851563ns
Total frames rendered: 322
Janky frames: 0 (0.00%)
Janky frames (legacy): 0 (0.00%)
50th percentile: 5ms
90th percentile: 5ms
95th percentile: 6ms
99th percentile: 7ms
Number Missed Vsync: 0
Number High input latency: 0
Number Slow UI thread: 0
Number Slow bitmap uploads: 0
Number Slow issue draw commands: 0
Number Frame deadline missed: 0
Number Frame deadline missed (legacy): 0
HISTOGRAM: 5ms=305 6ms=8 7ms=9 8ms=0 9ms=0 10ms=0 11ms=0 12ms=0 13ms=0 14ms=0 15ms=0 16ms=0 17ms=0 18ms=0 19ms=0 20ms=0 21ms=0 22ms=0 23ms=0 24ms=0 25ms=0 26ms=0 27ms=0 28ms=0 29ms=0 30ms=0 31ms=0 32ms=0 34ms=0 36ms=0 38ms=0 40ms=0 42ms=0 44ms=0 46ms=0 48ms=0 53ms=0 57ms=0 61ms=0 65ms=0 69ms=0 73ms=0 77ms=0 81ms=0 85ms=0 89ms=0 93ms=0 97ms=0 101ms=0 105ms=0 109ms=0 113ms=0 117ms=0 121ms=0 125ms=0 129ms=0 133ms=0 150ms=0 200ms=0 250ms=0 300ms=0 350ms=0 400ms=0 450ms=0 500ms=0 550ms=0 600ms=0 650ms=0 700ms=0 750ms=0 800ms=0 850ms=0 900ms=0 950ms=0 1000ms=0 1050ms=0 1100ms=0 1150ms=0 1200ms=0 1250ms=0 1300ms=0 1350ms=0 1400ms=0 1450ms=0 1500ms=0 1550ms=0 1600ms=0 1650ms=0 1700ms=0 1750ms=0 1800ms=0 1850ms=0 1900ms=0 1950ms=0 2000ms=0 2050ms=0 2100ms=0 2150ms=0 2200ms=0 2250ms=0 2300ms=0 2350ms=0 2400ms=0 2450ms=0 2500ms=0 2550ms=0 2600ms=0 2650ms=0 2700ms=0 2750ms=0 2800ms=0 2850ms=0 2900ms=0 2950ms=0 3000ms=0 3050ms=0 3100ms=0 3150ms=0 3200ms=0 3250ms=0 3300ms=0 3350ms=0 3400ms=0 3450ms=0 3500ms=0 3550ms=0 3600ms=0 3650ms=0 3700ms=0 3750ms=0 3800ms=0 3850ms=0 3900ms=0 3950ms=0 4000ms=0 4050ms=0 4100ms=0 4150ms=0 4200ms=0 4250ms=0 4300ms=0 4350ms=0 4400ms=0 4450ms=0 4500ms=0 4550ms=0 4600ms=0 4650ms=0 4700ms=0 4750ms=0 4800ms=0 4850ms=0 4900ms=0 4950ms=0
50th gpu percentile: 2ms
90th gpu percentile: 3ms
95th gpu percentile: 4ms
99th gpu percentile: 5ms
GPU HISTOGRAM: 1ms=150 2ms=108 3ms=46 4ms=11 5ms=6 6ms=1 7ms=0 8ms=0 9ms=0 10ms=0 11ms=0 12ms=0 13ms=0 14ms=0 15ms=0 16ms=0 17ms=0 18ms=0 19ms=0 20ms=0 21ms=0 22ms=0 23ms=0 24ms=0 25ms=0 4950ms=0

Pipeline=Skia (Vulkan)
Memory policy:
  Max surface area: 2592000
  Max resource usage: 124.42MB (x48)
  Background retention: 50% (altUiHidden = true)
  GPU Context timeout: 10
Contexts: 1 (stopped = 0)
CPU Caches:
  Glyph Cache: 24.65 KB (1 entry)
  Glyph Count: 1 
Total CPU memory usage:
  25243 bytes, 24.65 KB (0.00 bytes is purgeable)
GPU Caches:
  Other:
    Other: 0.00 bytes (1 entry)
  Image:
    Surface: 65.96 KB (2 entries)
  Scratch:
    Buffer Object: 64.00 KB (2 entries)
    Surface: 98.88 MB (22 entries)
Layer Info:
    VkLayer size 1080x2400
  Layers Total         10125.00 KB (numLayers = 1)
Total GPU memory usage:
  103813072 bytes, 99.00 MB (32.00 KB is purgeable)
Pipeline Cache: inactiveTextureView: 1080x2400

GraphicBufferAllocator buffers:
            Handle |         Size |     W (Stride) x H | Layers |   Format |      Usage | Requestor
0xb400007b0be7d370 | 10200.00 KiB | 1080 (1088) x 2400 |      1 |        1 | 0x     300 | SurfaceTexture-0-11360-0
0xb400007b0be7e6b0 | 10200.00 KiB | 1080 (1088) x 2400 |      1 |        1 | 0x     300 | SurfaceTexture-0-11360-0
0xb400007b0be7fcb0 | 10200.00 KiB | 1080 (1088) x 2400 |      1 |        1 | 0x     300 | SurfaceTexture-0-11360-0
0xb400007b0be80910 | 10200.00 KiB | 1080 (1088) x 2400 |      1 |        1 | 0x     300 | SurfaceTexture-0-11360-0
0xb400007b0be82070 | 10200.00 KiB | 1080 (1088) x 2400 |      1 |        1 | 0x     b00 | VRI[MainActivity]#0(BLAST Consumer)0
0xb400007b0be821d0 | 10200.00 KiB | 1080 (1088) x 2400 |      1 |        1 | 0x     b00 | VRI[MainActivity]#0(BLAST Consumer)0
0xb400007b0be830f0 | 10200.00 KiB | 1080 (1088) x 2400 |      1 |        1 | 0x     300 | SurfaceTexture-0-11360-0
0xb400007b0be837d0 | 10200.00 KiB | 1080 (1088) x 2400 |      1 |        1 | 0x     b00 | VRI[MainActivity]#0(BLAST Consumer)0
0xb400007b0be84b10 | 10200.00 KiB | 1080 (1088) x 2400 |      1 |        1 | 0x     b00 | VRI[MainActivity]#0(BLAST Consumer)0
0xb400007b0be84c70 | 10200.00 KiB | 1080 (1088) x 2400 |      1 |        1 | 0x     b00 | VRI[MainActivity]#0(BLAST Consumer)0
Total allocated by GraphicBufferAllocator (estimate): 102000.00 KB
Imported gralloc buffers:
Total imported by gralloc: 0KiB

Profile data in ms:

	org.ultimatemaps.spike.maplibre/org.ultimatemaps.spike.MainActivity/android.view.ViewRootImpl@5304d77 (visibility=0)
Window: org.ultimatemaps.spike.maplibre/org.ultimatemaps.spike.MainActivity
Stats since: 36337649850545ns
Total frames rendered: 322
Janky frames: 0 (0.00%)
Janky frames (legacy): 0 (0.00%)
50th percentile: 5ms
90th percentile: 5ms
95th percentile: 6ms
99th percentile: 7ms
Number Missed Vsync: 0
Number High input latency: 0
Number Slow UI thread: 0
Number Slow bitmap uploads: 0
Number Slow issue draw commands: 0
Number Frame deadline missed: 0
Number Frame deadline missed (legacy): 0
HISTOGRAM: 5ms=305 6ms=8 7ms=9 8ms=0 9ms=0 10ms=0 11ms=0 12ms=0 13ms=0 14ms=0 15ms=0 16ms=0 17ms=0 18ms=0 19ms=0 20ms=0 21ms=0 22ms=0 23ms=0 24ms=0 25ms=0 26ms=0 27ms=0 28ms=0 29ms=0 30ms=0 31ms=0 32ms=0 34ms=0 36ms=0 38ms=0 40ms=0 42ms=0 44ms=0 46ms=0 48ms=0 53ms=0 57ms=0 61ms=0 65ms=0 69ms=0 73ms=0 77ms=0 81ms=0 85ms=0 89ms=0 93ms=0 97ms=0 101ms=0 105ms=0 109ms=0 113ms=0 117ms=0 121ms=0 125ms=0 129ms=0 133ms=0 150ms=0 200ms=0 250ms=0 300ms=0 350ms=0 400ms=0 450ms=0 500ms=0 550ms=0 600ms=0 650ms=0 700ms=0 750ms=0 800ms=0 850ms=0 900ms=0 950ms=0 1000ms=0 1050ms=0 1100ms=0 1150ms=0 1200ms=0 1250ms=0 1300ms=0 1350ms=0 1400ms=0 1450ms=0 1500ms=0 1550ms=0 1600ms=0 1650ms=0 1700ms=0 1750ms=0 1800ms=0 1850ms=0 1900ms=0 1950ms=0 2000ms=0 2050ms=0 2100ms=0 2150ms=0 2200ms=0 2250ms=0 2300ms=0 2350ms=0 2400ms=0 2450ms=0 2500ms=0 2550ms=0 2600ms=0 2650ms=0 2700ms=0 2750ms=0 2800ms=0 2850ms=0 2900ms=0 2950ms=0 3000ms=0 3050ms=0 3100ms=0 3150ms=0 3200ms=0 3250ms=0 3300ms=0 3350ms=0 3400ms=0 3450ms=0 3500ms=0 3550ms=0 3600ms=0 3650ms=0 3700ms=0 3750ms=0 3800ms=0 3850ms=0 3900ms=0 3950ms=0 4000ms=0 4050ms=0 4100ms=0 4150ms=0 4200ms=0 4250ms=0 4300ms=0 4350ms=0 4400ms=0 4450ms=0 4500ms=0 4550ms=0 4600ms=0 4650ms=0 4700ms=0 4750ms=0 4800ms=0 4850ms=0 4900ms=0 4950ms=0
50th gpu percentile: 2ms
90th gpu percentile: 3ms
95th gpu percentile: 4ms
99th gpu percentile: 5ms
GPU HISTOGRAM: 1ms=150 2ms=108 3ms=46 4ms=11 5ms=6 6ms=1 7ms=0 8ms=0 9ms=0 10ms=0 11ms=0 12ms=0 13ms=0 14ms=0 15ms=0 16ms=0 17ms=0 18ms=0 19ms=0 20ms=0 21ms=0 22ms=0 23ms=0 24ms=0 25ms=0 4950ms=0



---PROFILEDATA---
Flags,FrameTimelineVsyncId,IntendedVsync,Vsync,InputEventId,HandleInputStart,AnimationStart,PerformTraversalsStart,DrawStart,FrameDeadline,FrameStartTime,FrameInterval,WorkloadTarget,AnimationTime,AnimationCounter,SyncQueued,SyncStart,IssueDrawCommandsStart,SwapBuffers,FrameCompleted,DequeueBufferDuration,QueueBufferDuration,GpuCompleted,SwapBuffersCompleted,DisplayPresentTime,CommandSubmissionCompleted,
0,1617775,36340936039743,36340936039743,0,36340936999839,36340937002769,36340937460288,36340937562502,36340952639743,36340936990358,8335229,16600000,36340936039743,-1,36340937660321,36340938423626,36340938547324,36340939184491,36340940948447,21078,371867,36340940948447,36340939650392,36340963057538,36340939184491,
0,1617783,36340944373184,36340944373184,0,36340945981691,36340945986004,36340947112876,36340947283449,36340960973184,36340945968711,8335039,16600000,36340944373184,-1,36340947428184,36340948514813,36340948649579,36340949534059,36340950716432,19287,414958,36340950716432,36340950091514,36340971461468,36340949534059,
0,1617791,36340952706242,36340952706242,0,36340953305991,36340953309002,36340953793296,36340953895143,36340969306242,36340953298504,8337509,16600000,36340952706242,-1,36340953992718,36340954714561,36340954820518,36340955398602,36340957249066,13794,403035,36340957249066,36340955901532,36340979751426,36340955398602,
0,1617799,36340961085270,36340961085270,0,36340961676597,36340961680585,36340962060264,36340962147544,36340977685270,36340961670046,8337303,16600000,36340961085270,-1,36340962225222,36340962895632,36340962976849,36340963504640,36340965247682,14689,308228,36340965247682,36340963899945,36340988119631,36340963504640,
0,1617807,36340969415303,36340969415303,0,36340970669720,36340970672813,36340971160362,36340971300051,36340986015303,36340970660728,8335899,16600000,36340969415303,-1,36340971632407,36340972520591,36340972655113,36340973282350,36340975639854,17131,1070068,36340975639854,36340974483156,36340996470990,36340973282350,
0,1617815,36340977726354,36340977726354,0,36340978454836,36340978458579,36340979035768,36340979139691,36340994326354,36340978446128,8335224,16600000,36340977726354,-1,36340979246462,36340979817018,36340979914268,36340980644085,36340983137127,16601,346273,36340983137127,36340981081789,36341004841066,36340980644085,
0,1617823,36340986052575,36340986052575,0,36340986712526,36340986716066,36340987237144,36340987354331,36341002652575,36340986701540,8333958,16600000,36340986052575,-1,36340987468955,36340988331138,36340988503664,36340989190065,36340990943727,20264,395345,36340990943727,36340989701906,36341013136802,36340989190065,
0,1617831,36340994367714,36340994367714,0,36340995525189,36340995530357,36340996371136,36340996548057,36341010967714,36340995511232,8334084,16600000,36340994367714,-1,36340996716473,36340997834027,36340997988527,36340999137087,36341000310711,31088,648682,36341000310711,36340999945314,36341021475262,36340999137087,
0,1617839,36341002701934,36341002701934,0,36341004001304,36341004110964,36341004873334,36341005056195,36341019301934,36341003988202,8334594,16600000,36341002701934,-1,36341005230593,36341006149619,36341006399579,36341007398236,36341010662233,27629,791789,36341010662233,36341008354453,36341029815961,36341007398236,
0,1617847,36341011042311,36341011042311,0,36341011888877,36341011891807,36341012647219,36341012757936,36341027642311,36341011881512,8335279,16600000,36341011042311,-1,36341012843508,36341013836957,36341013938234,36341014604535,36341016979942,20833,442302,36341016979942,36341015167482,36341038135907,36341014604535,
0,1617855,36341019388203,36341019388203,0,36341020319704,36341020323529,36341021113771,36341021237632,36341035988203,36341020308921,8334579,16600000,36341019388203,-1,36341021368166,36341022040814,36341022115806,36341022721722,36341024638552,15544,422160,36341024638552,36341023253623,36341046495607,36341022721722,
0,1617863,36341027714571,36341027714571,0,36341028887209,36341028894452,36341028897544,36341029096600,36341044314571,36341028871991,8334319,16600000,36341027714571,-1,36341029299766,36341029955853,36341030074505,36341030852622,36341032815961,20752,318400,36341032815961,36341031263552,36341054817018,36341030852622,
0,1617871,36341036046110,36341036046110,0,36341036593630,36341036597780,36341036600547,36341036715090,36341052646110,36341036583295,8333638,16600000,36341036046110,-1,36341036839154,36341037580528,36341037699831,36341038432700,36341039184206,19897,424805,36341039184206,36341038969566,36341063134320,36341038432700,
0,1617879,36341044373389,36341044373389,0,36341045398561,36341045404380,36341045407269,36341045549603,36341060973389,36341045387290,8334212,16600000,36341044373389,-1,36341045688397,36341046593874,36341046715293,36341047586428,36341048261558,23112,540934,36341048113364,36341048261558,36341071486330,36341047586428,
0,1617887,36341052713253,36341052713253,0,36341053731366,36341053735842,36341053738649,36341053865643,36341069313253,36341053717938,8334169,16600000,36341052713253,-1,36341054133262,36341054821250,36341055083010,36341056278037,36341056848391,21769,454427,36341056727582,36341056848391,36341079855796,36341056278037,
0,1617895,36341061048805,36341061048805,0,36341062031089,36341062035524,36341062038454,36341062197593,36341077648805,36341062021730,8334062,16600000,36341061048805,-1,36341062312298,36341062952394,36341063031130,36341063714642,36341065275555,19287,473308,36341065275555,36341064295046,36341088124351,36341063714642,
0,1617910,36341069374886,36341069374886,0,36341069882814,36341069884320,36341069885622,36341069927167,36341085974886,36341069879600,8333459,16600000,36341069374886,-1,36341069975262,36341070844484,36341071133872,36341072160321,36341072747520,23560,464396,36341072532879,36341072747520,36341096487022,36341072160321,
0,1617918,36341077708345,36341077708345,0,36341078349611,36341078353599,36341078356732,36341078473350,36341094308345,36341078339561,8333922,16600000,36341077708345,-1,36341078595624,36341079495445,36341079588055,36341080600832,36341081352378,21932,492350,36341081352378,36341081204673,36341104784955,36341080600832,
0,1617926,36341086048175,36341086048175,0,36341086773521,36341086778119,36341086781699,36341086899904,36341102648175,36341086762575,8334473,16600000,36341086048175,-1,36341087081952,36341087513674,36341087560712,36341088082481,36341088467735,10661,291422,36341088467735,36341088443321,36341113099733,36341088082481,
0,1617934,36341094392469,36341094392469,0,36341096242596,36341096247235,36341096250368,36341096682741,36341110992469,36341096229616,8334045,16600000,36341094392469,-1,36341096890708,36341097869427,36341098028241,36341099856569,36341100713788,28686,684693,36341100264772,36341100713788,36341121453412,36341099856569,
0,1617942,36341102719212,36341102719212,0,36341103251996,36341103253501,36341103254396,36341103302980,36341119319212,36341103247316,8333821,16600000,36341102719212,-1,36341103355104,36341104307049,36341104391278,36341105151410,36341106992963,21892,457154,36341106992963,36341105718671,36341129772544,36341105151410,
0,1617950,36341111051098,36341111051098,0,36341111680381,36341111684613,36341111687136,36341111793947,36341127651098,36341111671226,8333265,16600000,36341111051098,-1,36341111902671,36341113237673,36341113317141,36341113972211,36341115352053,18433,820923,36341115352053,36341114899253,36341138165529,36341113972211,
0,1617958,36341119375679,36341119375679,0,36341120417767,36341120421592,36341120424359,36341120525026,36341135975679,36341120408531,8335127,16600000,36341119375679,-1,36341120630210,36341121358441,36341121475425,36341122310142,36341124312258,20426,540283,36341124312258,36341122976483,36341146463299,36341122310142,
0,1617966,36341127725963,36341127725963,0,36341128543174,36341128546999,36341128550458,36341128673830,36341144325963,36341128531903,8334643,16600000,36341127725963,-1,36341128805259,36341129710370,36341129811810,36341130579063,36341131119143,18391,391194,36341131119143,36341131085085,36341154818199,36341130579063,
0,1617974,36341136052553,36341136052553,0,36341136664675,36341136668133,36341136671267,36341136770835,36341152652553,36341136655275,8333047,16600000,36341136052553,-1,36341136961021,36341137726280,36341137844322,36341138498089,36341139058880,21932,392130,36341139058880,36341138998293,36341163201214,36341138498089,
0,1617983,36341152704686,36341152704686,0,36341154314903,36341154322064,36341154324831,36341154559247,36341169304686,36341154301516,8332394,16600000,36341152704686,-1,36341154696739,36341155326133,36341155438316,36341156392336,36341157139610,22217,423462,36341157139610,36341156976402,36341179856366,36341156392336,
0,1617991,36341161026489,36341161026489,0,36341161991376,36341161994794,36341161997479,36341162196861,36341177626489,36341161982831,8332234,16600000,36341161026489,-1,36341162302126,36341162953941,36341163052004,36341163793540,36341164371747,15992,435506,36341164371747,36341164339520,36341188307375,36341163793540,
0,1617999,36341169359098,36341169359098,0,36341170023846,36341170027631,36341170030316,36341170372805,36341185959098,36341170015342,8332234,16600000,36341169359098,-1,36341170572959,36341171366823,36341171434125,36341172525799,36341173152590,17904,431803,36341173152590,36341173052004,36341196486005,36341172525799,
0,1618007,36341177691332,36341177691332,0,36341178437380,36341178441245,36341178444663,36341178553347,36341194291332,36341178427004,8333020,16600000,36341177691332,-1,36341178666872,36341179376833,36341179502281,36341180274986,36341180744427,17659,365113,36341180720827,36341180744427,36341204839195,36341180274986,
0,1618016,36341194391877,36341194391877,0,36341195328534,36341195335614,36341195339032,36341195558189,36341210991877,36341195313885,8336406,16600000,36341194391877,-1,36341195775393,36341196635703,36341196686118,36341197235476,36341198795493,13916,319376,36341198795493,36341197651125,36341221533286,36341197235476,
0,1618024,36341202768163,36341202768163,0,36341203454632,36341203458498,36341203461631,36341203569745,36341219368163,36341203444338,8336136,16600000,36341202768163,-1,36341203684857,36341204278322,36341204390098,36341205073203,36341206791506,16561,397623,36341206791506,36341205577069,36341229853151,36341205073203,
0,1618032,36341211097735,36341211097735,0,36341212738934,36341212743451,36341212746421,36341212861045,36341227697735,36341212728965,8336136,16600000,36341211097735,-1,36341212975547,36341213772097,36341213890627,36341215562258,36341217840415,15829,494018,36341217840415,36341216183921,36341238188438,36341215562258,
0,1618040,36341219433871,36341219433871,0,36341219971560,36341219972780,36341219973675,36341220062990,36341236033871,36341219966392,8336255,16600000,36341219433871,-1,36341220116905,36341220735435,36341220830365,36341221576947,36341222533978,16480,447144,36341222533978,36341222156171,36341246541628,36341221576947,
0,1618048,36341227770165,36341227770165,0,36341229308881,36341229313112,36341229316490,36341229567466,36341244370165,36341229296511,8336492,16600000,36341227770165,-1,36341229713951,36341230590985,36341230740684,36341231995689,36341233396486,22990,561483,36341233396486,36341232804405,36341254817832,36341231995689,
0,1618056,36341236110248,36341236110248,0,36341238629071,36341238635093,36341238638633,36341239016807,36341252710248,36341238613731,8336805,16600000,36341236110248,-1,36341239255902,36341240240521,36341240401613,36341241874880,36341243085410,24699,591919,36341243085410,36341242672365,36341263136802,36341241874880,
0,1618064,36341244449516,36341244449516,0,36341245981285,36341245985882,36341245989178,36341246159833,36341261049516,36341245965660,8336948,16600000,36341244449516,-1,36341246329470,36341247911623,36341248157310,36341249380414,36341250227378,23641,637126,36341250203086,36341250227378,36341271485191,36341249380414,
0,1618072,36341252786694,36341252786694,0,36341254222495,36341254226198,36341254229087,36341254347740,36341269386694,36341254212282,8337093,16600000,36341252786694,-1,36341254597333,36341255483522,36341255599774,36341256480918,36341257295290,20101,562866,36341257295290,36341257176231,36341279827150,36341256480918,
0,1618080,36341261125670,36341261125670,0,36341261858360,36341261862469,36341261865928,36341261984418,36341277725670,36341261847211,8336669,16600000,36341261125670,-1,36341262109743,36341262689984,36341262737103,36341263210533,36341263653037,12004,236979,36341263653037,36341263508994,36341288136110,36341263210533,
0,1618088,36341269451837,36341269451837,0,36341271530479,36341271534792,36341271538129,36341271702557,36341286051837,36341271510622,8336573,16600000,36341269451837,-1,36341271856651,36341272659955,36341272720339,36341273185020,36341274026166,14079,299683,36341274026166,36341273565269,36341296491498,36341273185020,
0,1618096,36341277780713,36341277780713,0,36341279357749,36341279362795,36341279366579,36341279546796,36341294380713,36341279342246,8335902,16600000,36341277780713,-1,36341279720054,36341280303550,36341280375653,36341280896975,36341281330324,12167,264852,36341281330324,36341281226320,36341304825319,36341280896975,
0,1618104,36341286104630,36341286104630,0,36341287173423,36341287176963,36341287179974,36341287288129,36341302704630,36341287164064,8335703,16600000,36341286104630,-1,36341287398846,36341287983482,36341288059816,36341288437909,36341290904014,8301,196655,36341290904014,36341288690025,36341313194175,36341288437909,
0,1618112,36341294434962,36341294434962,0,36341295459678,36341295463462,36341295466921,36341295578005,36341311034962,36341295448529,8334745,16600000,36341294434962,-1,36341295777956,36341296732465,36341296879885,36341297677207,36341299479209,26448,709310,36341299479209,36341298472170,36341321464317,36341297677207,
0,1618120,36341302754195,36341302754195,0,36341303395062,36341303398114,36341303400800,36341303510500,36341319354195,36341303385459,8333770,16600000,36341302754195,-1,36341303624514,36341304477012,36341304567263,36341305494102,36341307445192,21484,611369,36341307445192,36341306265424,36341329790977,36341305494102,
0,1618128,36341311075392,36341311075392,0,36341312122072,36341312127728,36341312130251,36341312313519,36341327675392,36341312103151,8332983,16600000,36341311075392,-1,36341312483767,36341313580731,36341313731691,36341314704877,36341315364504,31820,521444,36341315364504,36341315364504,36341338119672,36341314704877,
0,1618136,36341319398648,36341319398648,0,36341319830284,36341319831626,36341319832562,36341319872439,36341335998648,36341319826296,8332340,16600000,36341319398648,-1,36341319916343,36341320469647,36341320536542,36341321116009,36341321638267,13062,325684,36341321638267,36341321541425,36341346456423,36341321116009,
0,1618145,36341336047897,36341336047897,0,36341336484784,36341336486289,36341336487266,36341336538413,36341352647897,36341336480267,8330314,16600000,36341336047897,-1,36341336593345,36341337287233,36341337366416,36341338283734,36341338847333,20386,422689,36341338666831,36341338847333,36341363172121,36341338283734,
0,1618153,36341344361390,36341344361390,0,36341344997601,36341345001589,36341345004966,36341345111696,36341360961390,36341344986371,8329174,16600000,36341344361390,-1,36341345229820,36341345914960,36341345989504,36341346646283,36341347146893,16236,388143,36341347133547,36341347146893,36341371489707,36341346646283,
0,1618162,36341361005735,36341361005735,0,36341362259483,36341362265993,36341362269818,36341362453290,36341377605735,36341362243451,8328846,16600000,36341361005735,-1,36341362641522,36341363533368,36341363586550,36341364157473,36341364770917,13794,298747,36341364770917,36341364537233,36341388165855,36341364157473,
0,1618170,36341369330428,36341369330428,0,36341370136680,36341370142458,36341370146364,36341370312950,36341385930428,36341370121910,8329294,16600000,36341369330428,-1,36341370482912,36341371105918,36341371157107,36341371592775,36341372271527,10946,298339,36341372271527,36341371961387,36341396496584,36341371592775,
0,1618178,36341377670320,36341377670320,0,36341378684410,36341378689943,36341378693483,36341378845461,36341394270320,36341378672365,8329294,16600000,36341377670320,-1,36341379002199,36341379520184,36341379589683,36341380066368,36341380697756,8545,263875,36341380697756,36341380387046,36341404822471,36341380066368,
0,1618186,36341385999614,36341385999614,0,36341387002362,36341387005617,36341387008140,36341387133954,36341402599614,36341386993451,8331344,16600000,36341385999614,-1,36341387261599,36341387718264,36341387749270,36341388125409,36341388924115,8749,238851,36341388924115,36341388423301,36341413174074,36341388125409,
0,1618202,36342060954943,36342060954943,-861024781,36342061680707,36342061684735,36342061686851,36342061812624,36342077554943,36342061670290,8332236,16600000,36342060954943,-1,36342061953656,36342062770185,36342062837934,36342063416181,36342064623985,30518,309855,36342064623985,36342063819338,36342088239138,36342063416181,
0,1618218,36342077738332,36342077738332,0,36342078793052,36342078794436,36342078795290,36342078870811,36342094338332,36342078785362,8333333,16600000,36342077738332,-1,36342078957766,36342079818606,36342079881269,36342080511233,36342081303632,14323,423747,36342081303632,36342081046389,36342104917605,36342080511233,
0,1618226,36342086071665,36342086071665,0,36342086794721,36342086796511,36342086797528,36342086878461,36342102671665,36342086790489,8333333,16600000,36342086071665,-1,36342086952436,36342087488650,36342087532066,36342087943647,36342088780968,12736,307373,36342088780968,36342088322675,36342113214480,36342087943647,
0,1618242,36342111071664,36342111071664,-175559748,36342111856041,36342111859703,36342112517540,36342112709190,36342127671664,36342111846601,8333333,16600000,36342111071664,-1,36342112927289,36342113907799,36342114010338,36342115036298,36342115835248,26611,501302,36342115835248,36342115676842,36342138193606,36342115036298,
0,1618258,36342127698855,36342127698855,0,36342128370201,36342128372642,36342128720868,36342128839928,36342144298855,36342128362511,8329714,16600000,36342127698855,-1,36342128961387,36342129430748,36342129524986,36342130081220,36342131849652,12207,387207,36342131849652,36342130538373,36342154965904,36342130081220,
0,1618266,36342136028569,36342136028569,0,36342136906415,36342136909630,36342137348513,36342137460085,36342152628569,36342136898033,8329714,16600000,36342136028569,-1,36342137570193,36342138810346,36342138904503,36342139586143,36342140272870,16073,594239,36342140144167,36342140272870,36342163222374,36342139586143,
0,1618274,36342144358283,36342144358283,0,36342145090863,36342145094241,36342145488487,36342145585859,36342160958283,36342145082318,8329714,16600000,36342144358283,-1,36342145682701,36342146473310,36342146696088,36342147773643,36342150448692,24455,775350,36342150448692,36342148708865,36342171560590,36342147773643,
0,1618282,36342152687997,36342152687997,0,36342154116742,36342154122113,36342155143923,36342155282432,36342169287997,36342154103111,8335594,16600000,36342152687997,-1,36342155425255,36342156479210,36342156637250,36342157415937,36342161206383,16235,491170,36342161206383,36342158051109,36342179882408,36342157415937,
0,1618290,36342161094405,36342161094405,0,36342161795697,36342161798057,36342162169762,36342162235842,36342177694405,36342161788088,8344089,16600000,36342161094405,-1,36342162305300,36342163114993,36342163228599,36342164108279,36342164987836,15015,420003,36342164987836,36342164648318,36342188219363,36342164108279,
0,1618298,36342169531406,36342169531406,0,36342170411339,36342170413902,36342170897830,36342171015261,36342186131406,36342170402224,8342489,16600000,36342169531406,-1,36342171132205,36342172932538,36342173061689,36342174002485,36342177797284,18189,684408,36342177797284,36342174821658,36342196531822,36342174002485,
0,1618306,36342177861502,36342177861502,0,36342178719566,36342178721804,36342179274579,36342179367882,36342194461502,36342178711265,8341605,16600000,36342177861502,-1,36342179463015,36342181394900,36342181530764,36342182428347,36342185335207,16153,611044,36342185335207,36342183175906,36342204951093,36342182428347,
0,1618314,36342186184144,36342186184144,0,36342187641685,36342187645429,36342188403241,36342188677086,36342202784144,36342187631716,8340526,16600000,36342186184144,-1,36342188874921,36342189519574,36342189713585,36342190331993,36342191395714,15991,411621,36342191395714,36342190895144,36342213237551,36342190331993,
0,1618322,36342194515951,36342194515951,0,36342195066531,36342195068931,36342195528363,36342195614097,36342211115951,36342195060183,8339794,16600000,36342194515951,-1,36342195697553,36342196455813,36342196518394,36342197128746,36342199551597,15340,442953,36342199551597,36342197700686,36342221577192,36342197128746,
0,1618330,36342202844758,36342202844758,0,36342204235517,36342204239423,36342204718427,36342204842817,36342219444758,36342204225059,8338721,16600000,36342202844758,-1,36342204956708,36342205687502,36342205834841,36342206756513,36342207422610,20386,523153,36342207020917,36342207422610,36342229898521,36342206756513,
0,1618338,36342211165762,36342211165762,0,36342212499026,36342212504967,36342213201866,36342213377729,36342227765762,36342212485517,8339582,16600000,36342211165762,-1,36342213535728,36342214527834,36342214806073,36342215817548,36342216621178,30151,667806,36342216360557,36342216621178,36342238234703,36342215817548,
0,1618346,36342219522000,36342219522000,0,36342222195681,36342222199343,36342223063153,36342223231977,36342236122000,36342222183555,8339252,16600000,36342219522000,-1,36342223531741,36342225072919,36342225149661,36342225817100,36342227938438,24211,489095,36342227938438,36342226441816,36342246542849,36342225817100,
0,1618354,36342227851571,36342227851571,0,36342228800662,36342228803591,36342229242149,36342229324628,36342244451571,36342228793988,8339024,16600000,36342227851571,-1,36342229405723,36342230322512,36342230434003,36342231399457,36342232228070,16764,421427,36342232228070,36342232084556,36342254883018,36342231399457,
0,1618362,36342236188179,36342236188179,0,36342237900393,36342237903526,36342239149050,36342239233360,36342252788179,36342237891401,8338608,16600000,36342236188179,-1,36342239305667,36342240782066,36342241025759,36342241983401,36342243105715,27832,754679,36342242897748,36342243105715,36342263236371,36342241983401,
0,1618370,36342244518375,36342244518375,0,36342245360110,36342245364260,36342245927126,36342246045860,36342261118375,36342245348879,8338268,16600000,36342244518375,-1,36342246156903,36342247294314,36342247488609,36342248400881,36342249517703,19816,444336,36342249517703,36342248943484,36342271578168,36342248400881,
0,1618378,36342252851337,36342252851337,0,36342253565351,36342253568972,36342254073285,36342254187340,36342269451337,36342253555382,8337657,16600000,36342252851337,-1,36342254296145,36342255463788,36342255810793,36342257335126,36342258035403,21850,457886,36342258035403,36342257939252,36342280004316,36342257335126,
0,1618386,36342261174011,36342261174011,0,36342262034589,36342262036868,36342262544639,36342262635623,36342277774011,36342262027061,8337218,16600000,36342261174011,-1,36342262724246,36342263454307,36342263539594,36342264276451,36342265759931,15259,419352,36342265759931,36342264812869,36342288212405,36342264276451,
0,1618394,36342269502868,36342269502868,0,36342270402224,36342270406090,36342271027875,36342271167605,36342286102868,36342270390505,8337119,16600000,36342269502868,-1,36342271300987,36342272149661,36342272284792,36342272892621,36342274298912,17985,407592,36342274298912,36342273413414,36342296635663,36342272892621,
0,1618402,36342277837339,36342277837339,0,36342279371584,36342279376060,36342280533409,36342280780927,36342294437339,36342279359255,8336996,16600000,36342277837339,-1,36342280930382,36342281813682,36342281954755,36342283221357,36342283929893,27018,531779,36342283499555,36342283929893,36342304910810,36342283221357,
0,1618410,36342286172066,36342286172066,0,36342288571251,36342288575320,36342289082278,36342289199343,36342302772066,36342288561485,8337644,16600000,36342286172066,-1,36342289308922,36342290882408,36342291021446,36342291842735,36342292956993,20589,880290,36342292911583,36342292956993,36342313232546,36342291842735,
0,1618418,36342294523752,36342294523752,0,36342295544965,36342295547935,36342296124270,36342296243492,36342311123752,36342295535973,8336501,16600000,36342294523752,-1,36342296347944,36342297453982,36342297585899,36342298390058,36342300353111,16765,761271,36342300353111,36342299278811,36342321571454,36342298390058,
0,1618426,36342302842602,36342302842602,0,36342303706342,36342303708824,36342304235313,36342304333987,36342319442602,36342303700238,8336473,16600000,36342302842602,-1,36342304419151,36342305591515,36342305842491,36342306710411,36342308320315,21403,662598,36342308320315,36342307495486,36342329874636,36342306710411,
0,1618434,36342311182149,36342311182149,0,36342312219200,36342312222048,36342312971357,36342313081464,36342327782149,36342312208417,8335227,16600000,36342311182149,-1,36342313302493,36342314019574,36342314146731,36342314899335,36342316586062,21200,1217041,36342316586062,36342316405724,36342338215009,36342314899335,
0,1618442,36342319501489,36342319501489,0,36342320330772,36342320334963,36342320997724,36342321117190,36342336101489,36342320321332,8334356,16600000,36342319501489,-1,36342321234337,36342322896772,36342323038333,36342324692711,36342325404137,19043,580038,36342324914675,36342325404137,36342346564252,36342324692711,
0,1618450,36342327824045,36342327824045,0,36342328780439,36342328783897,36342329331952,36342329452110,36342344424045,36342328770836,8335188,16600000,36342327824045,-1,36342329567507,36342330275068,36342330349734,36342330969363,36342332475100,16724,434449,36342332475100,36342331511070,36342354933311,36342330969363,
0,1618458,36342336166386,36342336166386,0,36342336960085,36342336963707,36342337608889,36342337746462,36342352766386,36342336949425,8334468,16600000,36342336166386,-1,36342337871300,36342338601646,36342338669436,36342339228193,36342340955569,18351,393351,36342340955569,36342339732302,36342363257856,36342339228193,
0,1618466,36342344488559,36342344488559,0,36342345877566,36342345882083,36342346401655,36342346636030,36342361088559,36342345866213,8333946,16600000,36342344488559,-1,36342346873456,36342347559085,36342347669884,36342348706139,36342350603762,20223,585368,36342350603762,36342349481489,36342371571658,36342348706139,
0,1618474,36342352813711,36342352813711,0,36342354501060,36342354506106,36342355700645,36342355881228,36342369413711,36342354486860,8333489,16600000,36342352813711,-1,36342356134198,36342357405561,36342357560916,36342358866539,36342359629072,31413,575968,36342359556765,36342359629072,36342379959068,36342358866539,
0,1618490,36342369478136,36342369478136,0,36342370195396,36342370197838,36342370718468,36342370801353,36342386078136,36342370188967,8333137,16600000,36342369478136,-1,36342370879926,36342373330121,36342373576785,36342375232140,36342375923261,22868,501342,36342375232140,36342375923261,36342396588503,36342375232140,
0,1618498,36342377808073,36342377808073,0,36342378526126,36342378530072,36342379396772,36342379712934,36342394408073,36342378515465,8333687,16600000,36342377808073,-1,36342380220502,36342380778160,36342380863447,36342381744387,36342382328412,15381,424682,36342382328412,36342382276248,36342404903526,36342381744387,
0,1618506,36342386147076,36342386147076,0,36342387690920,36342387695071,36342388348798,36342388457603,36342402747076,36342387679649,8333687,16600000,36342386147076,-1,36342388564985,36342389256838,36342389362429,36342390078819,36342390641930,13509,469035,36342390549360,36342390641930,36342413261762,36342390078819,
0,1618514,36342394480763,36342394480763,0,36342395471316,36342395475507,36342396414024,36342396896894,36342411080763,36342395457522,8334338,16600000,36342394480763,-1,36342397155073,36342397964684,36342398084394,36342399085574,36342400074343,21362,461670,36342400074343,36342399692711,36342421656944,36342399085574,
0,1618522,36342402826929,36342402826929,0,36342403902631,36342403905724,36342404469607,36342404541629,36342419426929,36342403895063,8334456,16600000,36342402826929,-1,36342404617231,36342405784548,36342405911054,36342407061078,36342408076744,24658,771322,36342408076744,36342407999189,36342429986819,36342407061078,
0,1618530,36342411162601,36342411162601,0,36342414825320,36342414830569,36342414833417,36342414967654,36342427762601,36342414813357,8334101,16600000,36342411162601,-1,36342415109052,36342415918541,36342416109784,36342417113935,36342417683718,25391,432007,36342417492393,36342417683718,36342438214561,36342417113935,
0,1618538,36342419490662,36342419490662,0,36342420870364,36342420874189,36342420877159,36342420993045,36342436090662,36342420859866,8334158,16600000,36342419490662,-1,36342421115725,36342422554568,36342422641889,36342423485191,36342424710289,17253,1118367,36342424285281,36342424710289,36342446612958,36342423485191,
0,1618546,36342427826185,36342427826185,0,36342428568728,36342428570518,36342428571699,36342428621462,36342444426185,36342428563642,8334677,16600000,36342427826185,-1,36342428674115,36342429435549,36342429546633,36342431128258,36342432197553,18229,830811,36342431529015,36342432197553,36342454909508,36342431128258,
0,1618554,36342436173122,36342436173122,0,36342437004072,36342437007856,36342437010419,36342437116295,36342452773122,36342436995730,8335064,16600000,36342436173122,-1,36342437223513,36342437937747,36342438050743,36342438975100,36342439576256,22176,488037,36342439360476,36342439576256,36342463256594,36342438975100,
0,1618562,36342444517479,36342444517479,0,36342446086225,36342446091921,36342446094566,36342446249596,36342461117479,36342446072553,8334151,16600000,36342444517479,-1,36342446408246,36342447263959,36342447390709,36342448604047,36342450376752,28972,517903,36342450376752,36342449250287,36342471563561,36342448604047,
0,1618570,36342452835759,36342452835759,0,36342453961957,36342453965213,36342453967898,36342454078982,36342469435759,36342453951948,8334280,16600000,36342452835759,-1,36342454193565,36342454988080,36342455102704,36342455997317,36342456904137,21566,686523,36342456328575,36342456904137,36342479958987,36342455997317,
0,1618578,36342461172744,36342461172744,0,36342461918907,36342461919965,36342461920820,36342461965823,36342477772744,36342461914716,8335197,16600000,36342461172744,-1,36342462015994,36342462727623,36342462837161,36342463588422,36342464232465,25147,528076,36342464199832,36342464232465,36342488237633,36342463588422,
0,1618586,36342469515137,36342469515137,0,36342470871991,36342470876142,36342470878990,36342471126142,36342486115137,36342470861371,8334640,16600000,36342469515137,-1,36342471246544,36342471992516,36342472174848,36342473220624,36342474680789,21403,745809,36342474680789,36342474155439,36342496578575,36342473220624,
0,1618594,36342477842203,36342477842203,0,36342480355105,36342480360151,36342480362389,36342480686485,36342494442203,36342480341922,8334969,16600000,36342477842203,-1,36342480862551,36342481668989,36342481780398,36342482668053,36342483445844,19979,624593,36342483237755,36342483445844,36342504920575,36342482668053,
0,1618602,36342486176801,36342486176801,0,36342486887332,36342486891360,36342486894656,36342487015831,36342502776801,36342486876345,8335372,16600000,36342486176801,-1,36342487146568,36342488081749,36342488171593,36342488926476,36342489437340,17578,427246,36342489327192,36342489437340,36342513424685,36342488926476,
0,1618610,36342494518487,36342494518487,0,36342495639814,36342495643761,36342495647504,36342495922976,36342511118487,36342495629234,8334840,16600000,36342494518487,-1,36342496231326,36342496953860,36342497070152,36342497915937,36342498795372,19206,610555,36342498795372,36342498666384,36342521592817,36342497915937,
0,1618618,36342502844046,36342502844046,0,36342503547529,36342503550662,36342503553673,36342503668378,36342519444046,36342503537519,8334478,16600000,36342502844046,-1,36342503778079,36342504599531,36342504688235,36342505535769,36342506281049,18840,610271,36342506047162,36342506281049,36342530042931,36342505535769,
0,1618626,36342511172285,36342511172285,0,36342512128624,36342512133222,36342512136070,36342512286786,36342527772285,36342512115522,8333768,16600000,36342511172285,-1,36342512437381,36342513016604,36342513086306,36342513631635,36342514092288,13509,331462,36342514092288,36342514035769,36342538264041,36342513631635,
0,1618634,36342519497350,36342519497350,0,36342520317630,36342520321088,36342520324059,36342520435631,36342536097350,36342520307579,8335320,16600000,36342519497350,-1,36342520555992,36342520974978,36342521016930,36342521465416,36342522003054,10620,230428,36342522003054,36342521759890,36342546680463,36342521465416,
0,1618642,36342527864036,36342527864036,0,36342528600995,36342528604332,36342528606692,36342528714480,36342544464036,36342528591677,8334664,16600000,36342527864036,-1,36342528825768,36342529214724,36342529257896,36342529668012,36342530164309,7853,207194,36342530164309,36342529933637,36342554972659,36342529668012,
0,1618650,36342536189056,36342536189056,0,36342536747317,36342536750328,36342536753054,36342536850914,36342552789056,36342536738731,8336078,16600000,36342536189056,-1,36342536953941,36342537383222,36342537426435,36342537711591,36342538694176,7528,179403,36342538694176,36342537952680,36342563422895,36342537711591,
0,1618658,36342544548519,36342544548519,0,36342545141401,36342545144534,36342545147382,36342545238935,36342561148519,36342545132815,8335713,16600000,36342544548519,-1,36342545341596,36342545692914,36342545731977,36342546063723,36342547241743,8545,292196,36342547241743,36342546412031,36342571599815,36342546063723,
0,1618666,36342552876695,36342552876695,0,36342554186526,36342554191165,36342554194501,36342554489464,36342569476695,36342554173505,8336159,16600000,36342552876695,-1,36342555069705,36342555635623,36342555686119,36342556266930,36342558308840,10580,271362,36342558308840,36342556626549,36342579933718,36342556266930,
0,1618674,36342561221839,36342561221839,0,36342562005781,36342562008263,36342562009483,36342562074669,36342577821839,36342561999107,8336806,16600000,36342561221839,-1,36342562148603,36342563267418,36342563396650,36342564504519,36342565792442,28564,576212,36342565792442,36342565224490,36342588273359,36342564504519,
0,1618682,36342569565092,36342569565092,0,36342570477460,36342570481285,36342570484133,36342570737755,36342586165092,36342570467573,8338413,16600000,36342569565092,-1,36342570852704,36342571603478,36342571714643,36342572449832,36342573863528,20874,374064,36342573863528,36342572927900,36342596636314,36342572449832,
0,1618697,36342577910747,36342577910747,0,36342578707441,36342578712771,36342578715457,36342578833499,36342594510747,36342578697960,8337245,16600000,36342577910747,-1,36342578959882,36342580431236,36342580552127,36342581290733,36342582091677,20996,421020,36342582091677,36342581831301,36342605049970,36342581290733,
0,1618705,36342586247992,36342586247992,0,36342586871788,36342586875776,36342586878299,36342586972211,36342602847992,36342586862104,8336433,16600000,36342586247992,-1,36342587076541,36342587920616,36342587993614,36342588857465,36342590518272,96354,476765,36342590518272,36342589455284,36342613302534,36342588857465,
0,1618713,36342594569815,36342594569815,0,36342595479210,36342595482913,36342595485191,36342595595584,36342611169815,36342595467857,8336679,16600000,36342594569815,-1,36342595855431,36342596633385,36342596749555,36342597452802,36342599175255,20752,354086,36342599175255,36342597914513,36342621623131,36342597452802,
0,1618721,36342602904203,36342602904203,0,36342604413902,36342604417198,36342604419314,36342604517621,36342619504203,36342604405113,8337370,16600000,36342602904203,-1,36342604632368,36342605352582,36342605437787,36342606164065,36342606630862,16886,354777,36342606605960,36342606630862,36342629929365,36342606164065,
0,1618729,36342611246697,36342611246697,0,36342611877403,36342611878502,36342611879438,36342611915204,36342627846697,36342611874107,8337567,16600000,36342611246697,-1,36342611954308,36342612765465,36342612922488,36342614274213,36342615203575,18310,812500,36342614708580,36342615203575,36342638301964,36342614274213,
0,1618737,36342619591324,36342619591324,0,36342620766564,36342620770551,36342620773196,36342621051354,36342636191324,36342620749514,8337384,16600000,36342619591324,-1,36342621184776,36342621807172,36342621865481,36342622373172,36342622828941,15096,326497,36342622828941,36342622777306,36342646624677,36342622373172,
0,1618745,36342627923149,36342627923149,0,36342628584190,36342628586510,36342628588178,36342628630984,36342644523149,36342628579999,8336403,16600000,36342627923149,-1,36342628682213,36342629216596,36342629296918,36342630221072,36342630869632,14364,565878,36342630713097,36342630869632,36340913129722,36342630221072,
0,1618753,36342636244606,36342636244606,0,36342636839236,36342636843142,36342636845624,36342636943850,36342652844606,36342636830650,8335182,16600000,36342636244606,-1,36342637051069,36342637886721,36342637973839,36342638860314,36342640528771,17985,1090576,36342640528771,36342640115563,36340921465375,36342638860314,
0,1618761,36342644560540,36342644560540,0,36342645162275,36342645163618,36342645164594,36342645208987,36342661160540,36342645158124,8334097,16600000,36342644560540,-1,36342645258141,36342646116336,36342646256554,36342647175174,36342647748131,20630,451131,36342647602298,36342647748131,36340929784344,36342647175174,
0,1618769,36342652881728,36342652881728,0,36342653676394,36342653679487,36342653682498,36342653798261,36342669481728,36342653665571,8333732,16600000,36342652881728,-1,36342653918582,36342654377241,36342654429161,36342654831505,36342655350507,10050,221273,36342655350507,36342655105960,36340938132082,36342654831505,
0,1618777,36342661209720,36342661209720,0,36342662274376,36342662278852,36342662282514,36342662450239,36342677809720,36342662260338,8332705,16600000,36342661209720,-1,36342662629641,36342663168460,36342663238406,36342663687910,36342664436160,12533,369262,36342664436160,36342664137739,36340946634035,36342663687910,
0,1618786,36342777888515,36342777888515,0,36342778476728,36342778479698,36342778481000,36342778594078,36342794488515,36342778467980,8333727,16600000,36342777888515,-1,36342778718305,36342779579999,36342779658898,36342780375165,36342781499555,25716,345540,36342781499555,36342780820885,36340954781252,36342780375165,
---PROFILEDATA---


View hierarchy:

  org.ultimatemaps.spike.maplibre/org.ultimatemaps.spike.MainActivity/android.view.ViewRootImpl@5304d77
  10 views, 17,26 kB of render nodes


Total ViewRootImpl   : 1
Total attached Views : 10
Total RenderNode     : 17,26 kB (used) / 52,80 kB (capacity)

