Applications Graphics Acceleration Info:
Uptime: 36438936 Realtime: 36438936

** Graphics info for pid 12042 [org.ultimatemaps.spike.maplibre] **

Stats since: 36429204587122ns
Total frames rendered: 335
Janky frames: 0 (0.00%)
Janky frames (legacy): 0 (0.00%)
50th percentile: 5ms
90th percentile: 5ms
95th percentile: 6ms
99th percentile: 7ms
Number Missed Vsync: 0
Number High input latency: 0
Number Slow UI thread: 0
Number Slow bitmap uploads: 0
Number Slow issue draw commands: 0
Number Frame deadline missed: 0
Number Frame deadline missed (legacy): 0
HISTOGRAM: 5ms=304 6ms=23 7ms=8 8ms=0 9ms=0 10ms=0 11ms=0 12ms=0 13ms=0 14ms=0 15ms=0 16ms=0 17ms=0 18ms=0 19ms=0 20ms=0 21ms=0 22ms=0 23ms=0 24ms=0 25ms=0 26ms=0 27ms=0 28ms=0 29ms=0 30ms=0 31ms=0 32ms=0 34ms=0 36ms=0 38ms=0 40ms=0 42ms=0 44ms=0 46ms=0 48ms=0 53ms=0 57ms=0 61ms=0 65ms=0 69ms=0 73ms=0 77ms=0 81ms=0 85ms=0 89ms=0 93ms=0 97ms=0 101ms=0 105ms=0 109ms=0 113ms=0 117ms=0 121ms=0 125ms=0 129ms=0 133ms=0 150ms=0 200ms=0 250ms=0 300ms=0 350ms=0 400ms=0 450ms=0 500ms=0 550ms=0 600ms=0 650ms=0 700ms=0 750ms=0 800ms=0 850ms=0 900ms=0 950ms=0 1000ms=0 1050ms=0 1100ms=0 1150ms=0 1200ms=0 1250ms=0 1300ms=0 1350ms=0 1400ms=0 1450ms=0 1500ms=0 1550ms=0 1600ms=0 1650ms=0 1700ms=0 1750ms=0 1800ms=0 1850ms=0 1900ms=0 1950ms=0 2000ms=0 2050ms=0 2100ms=0 2150ms=0 2200ms=0 2250ms=0 2300ms=0 2350ms=0 2400ms=0 2450ms=0 2500ms=0 2550ms=0 2600ms=0 2650ms=0 2700ms=0 2750ms=0 2800ms=0 2850ms=0 2900ms=0 2950ms=0 3000ms=0 3050ms=0 3100ms=0 3150ms=0 3200ms=0 3250ms=0 3300ms=0 3350ms=0 3400ms=0 3450ms=0 3500ms=0 3550ms=0 3600ms=0 3650ms=0 3700ms=0 3750ms=0 3800ms=0 3850ms=0 3900ms=0 3950ms=0 4000ms=0 4050ms=0 4100ms=0 4150ms=0 4200ms=0 4250ms=0 4300ms=0 4350ms=0 4400ms=0 4450ms=0 4500ms=0 4550ms=0 4600ms=0 4650ms=0 4700ms=0 4750ms=0 4800ms=0 4850ms=0 4900ms=0 4950ms=0
50th gpu percentile: 2ms
90th gpu percentile: 4ms
95th gpu percentile: 5ms
99th gpu percentile: 5ms
GPU HISTOGRAM: 1ms=141 2ms=87 3ms=38 4ms=52 5ms=14 6ms=3 7ms=0 8ms=0 9ms=0 10ms=0 11ms=0 12ms=0 13ms=0 14ms=0 15ms=0 16ms=0 17ms=0 18ms=0 19ms=0 20ms=0 21ms=0 22ms=0 23ms=0 24ms=0 25ms=0 4950ms=0

Pipeline=Skia (Vulkan)
Memory policy:
  Max surface area: 2592000
  Max resource usage: 124.42MB (x48)
  Background retention: 50% (altUiHidden = true)
  GPU Context timeout: 10
Contexts: 1 (stopped = 0)
CPU Caches:
  Glyph Cache: 0.00 bytes (1 entry)
  Glyph Count: 0 
Total CPU memory usage:
  0 bytes, 0.00 bytes (0.00 bytes is purgeable)
GPU Caches:
  Other:
    Other: 0.00 bytes (1 entry)
  Image:
    Surface: 127.97 KB (3 entries)
  Scratch:
    Buffer Object: 192.00 KB (5 entries)
    Surface: 98.88 MB (23 entries)
Layer Info:
    VkLayer size 1080x2400
  Layers Total         10125.00 KB (numLayers = 1)
Total GPU memory usage:
  104007648 bytes, 99.19 MB (160.00 KB is purgeable)
Pipeline Cache: inactiveTextureView: 1080x2400

GraphicBufferAllocator buffers:
            Handle |         Size |     W (Stride) x H | Layers |   Format |      Usage | Requestor
0xb400007b0be38350 | 10200.00 KiB | 1080 (1088) x 2400 |      1 |        1 | 0x     300 | SurfaceTexture-0-12042-0
0xb400007b0be7e130 | 10200.00 KiB | 1080 (1088) x 2400 |      1 |        1 | 0x     300 | SurfaceTexture-0-12042-0
0xb400007b0be81f10 | 10200.00 KiB | 1080 (1088) x 2400 |      1 |        1 | 0x     b00 | VRI[MainActivity]#0(BLAST Consumer)0
0xb400007b0be82a10 | 10200.00 KiB | 1080 (1088) x 2400 |      1 |        1 | 0x     300 | SurfaceTexture-0-12042-0
0xb400007b0be830f0 | 10200.00 KiB | 1080 (1088) x 2400 |      1 |        1 | 0x     300 | SurfaceTexture-0-12042-0
0xb400007b0be837d0 | 10200.00 KiB | 1080 (1088) x 2400 |      1 |        1 | 0x     300 | SurfaceTexture-0-12042-0
0xb400007b0be83a90 | 10200.00 KiB | 1080 (1088) x 2400 |      1 |        1 | 0x     b00 | VRI[MainActivity]#0(BLAST Consumer)0
0xb400007b0be84b10 | 10200.00 KiB | 1080 (1088) x 2400 |      1 |        1 | 0x     b00 | VRI[MainActivity]#0(BLAST Consumer)0
0xb400007b0be84dd0 | 10200.00 KiB | 1080 (1088) x 2400 |      1 |        1 | 0x     b00 | VRI[MainActivity]#0(BLAST Consumer)0
0xb400007b0be85e50 | 10200.00 KiB | 1080 (1088) x 2400 |      1 |        1 | 0x     b00 | VRI[MainActivity]#0(BLAST Consumer)0
Total allocated by GraphicBufferAllocator (estimate): 102000.00 KB
Imported gralloc buffers:
Total imported by gralloc: 0KiB

Profile data in ms:

	org.ultimatemaps.spike.maplibre/org.ultimatemaps.spike.MainActivity/android.view.ViewRootImpl@5304d77 (visibility=0)
Window: org.ultimatemaps.spike.maplibre/org.ultimatemaps.spike.MainActivity
Stats since: 36429204586756ns
Total frames rendered: 335
Janky frames: 0 (0.00%)
Janky frames (legacy): 0 (0.00%)
50th percentile: 5ms
90th percentile: 5ms
95th percentile: 6ms
99th percentile: 7ms
Number Missed Vsync: 0
Number High input latency: 0
Number Slow UI thread: 0
Number Slow bitmap uploads: 0
Number Slow issue draw commands: 0
Number Frame deadline missed: 0
Number Frame deadline missed (legacy): 0
HISTOGRAM: 5ms=304 6ms=23 7ms=8 8ms=0 9ms=0 10ms=0 11ms=0 12ms=0 13ms=0 14ms=0 15ms=0 16ms=0 17ms=0 18ms=0 19ms=0 20ms=0 21ms=0 22ms=0 23ms=0 24ms=0 25ms=0 26ms=0 27ms=0 28ms=0 29ms=0 30ms=0 31ms=0 32ms=0 34ms=0 36ms=0 38ms=0 40ms=0 42ms=0 44ms=0 46ms=0 48ms=0 53ms=0 57ms=0 61ms=0 65ms=0 69ms=0 73ms=0 77ms=0 81ms=0 85ms=0 89ms=0 93ms=0 97ms=0 101ms=0 105ms=0 109ms=0 113ms=0 117ms=0 121ms=0 125ms=0 129ms=0 133ms=0 150ms=0 200ms=0 250ms=0 300ms=0 350ms=0 400ms=0 450ms=0 500ms=0 550ms=0 600ms=0 650ms=0 700ms=0 750ms=0 800ms=0 850ms=0 900ms=0 950ms=0 1000ms=0 1050ms=0 1100ms=0 1150ms=0 1200ms=0 1250ms=0 1300ms=0 1350ms=0 1400ms=0 1450ms=0 1500ms=0 1550ms=0 1600ms=0 1650ms=0 1700ms=0 1750ms=0 1800ms=0 1850ms=0 1900ms=0 1950ms=0 2000ms=0 2050ms=0 2100ms=0 2150ms=0 2200ms=0 2250ms=0 2300ms=0 2350ms=0 2400ms=0 2450ms=0 2500ms=0 2550ms=0 2600ms=0 2650ms=0 2700ms=0 2750ms=0 2800ms=0 2850ms=0 2900ms=0 2950ms=0 3000ms=0 3050ms=0 3100ms=0 3150ms=0 3200ms=0 3250ms=0 3300ms=0 3350ms=0 3400ms=0 3450ms=0 3500ms=0 3550ms=0 3600ms=0 3650ms=0 3700ms=0 3750ms=0 3800ms=0 3850ms=0 3900ms=0 3950ms=0 4000ms=0 4050ms=0 4100ms=0 4150ms=0 4200ms=0 4250ms=0 4300ms=0 4350ms=0 4400ms=0 4450ms=0 4500ms=0 4550ms=0 4600ms=0 4650ms=0 4700ms=0 4750ms=0 4800ms=0 4850ms=0 4900ms=0 4950ms=0
50th gpu percentile: 2ms
90th gpu percentile: 4ms
95th gpu percentile: 5ms
99th gpu percentile: 5ms
GPU HISTOGRAM: 1ms=141 2ms=87 3ms=38 4ms=52 5ms=14 6ms=3 7ms=0 8ms=0 9ms=0 10ms=0 11ms=0 12ms=0 13ms=0 14ms=0 15ms=0 16ms=0 17ms=0 18ms=0 19ms=0 20ms=0 21ms=0 22ms=0 23ms=0 24ms=0 25ms=0 4950ms=0



---PROFILEDATA---
Flags,FrameTimelineVsyncId,IntendedVsync,Vsync,InputEventId,HandleInputStart,AnimationStart,PerformTraversalsStart,DrawStart,FrameDeadline,FrameStartTime,FrameInterval,WorkloadTarget,AnimationTime,AnimationCounter,SyncQueued,SyncStart,IssueDrawCommandsStart,SwapBuffers,FrameCompleted,DequeueBufferDuration,QueueBufferDuration,GpuCompleted,SwapBuffersCompleted,DisplayPresentTime,CommandSubmissionCompleted,
0,1670173,36431039044420,36431039044420,0,36431040636439,36431040640508,36431040644577,36431040783005,36431055644420,36431040624232,8335775,16600000,36431039044420,-1,36431040931483,36431041811691,36431041968511,36431043415980,36431044637741,18433,1070435,36431044233770,36431044637741,36431066098638,36431043415980,
0,1670181,36431047383361,36431047383361,0,36431048292730,36431048295049,36431048297124,36431048383143,36431063983361,36431048284795,8336862,16600000,36431047383361,-1,36431048475998,36431050083176,36431050443405,36431051593430,36431052933395,22990,1202067,36431052462936,36431052933395,36431074430222,36431051593430,
0,1670189,36431055736469,36431055736469,0,36431056654261,36431056657964,36431056661911,36431056794968,36431072336469,36431056643234,8336257,16600000,36431055736469,-1,36431056934616,36431057672775,36431057764043,36431058547653,36431062487676,21525,450399,36431062487676,36431059111415,36431082774094,36431058547653,
0,1670197,36431064064096,36431064064096,0,36431065325974,36431065329432,36431065333338,36431065453334,36431080664096,36431065315679,8336085,16600000,36431064064096,-1,36431065578578,36431066247482,36431066316981,36431066956223,36431069241379,16520,415121,36431069241379,36431067487920,36431091088872,36431066956223,
0,1670205,36431072397401,36431072397401,0,36431073596644,36431073599940,36431073604131,36431073739711,36431088997401,36431073585658,8334810,16600000,36431072397401,-1,36431073880946,36431074633062,36431074775396,36431076371058,36431077590907,25838,1019531,36431077590907,36431077482956,36431099447393,36431076371058,
0,1670213,36431080713852,36431080713852,0,36431081514125,36431081516485,36431081519618,36431081610804,36431097313852,36431081505865,8334333,16600000,36431080713852,-1,36431081704554,36431082515345,36431082641810,36431083559494,36431087526169,22990,547607,36431087526169,36431084243251,36431107765142,36431083559494,
0,1670221,36431089039030,36431089039030,0,36431089763351,36431089765793,36431089768316,36431089884405,36431105639030,36431089754033,8333969,16600000,36431089039030,-1,36431090002202,36431090830287,36431090943446,36431091864792,36431092466558,18270,455282,36431092466558,36431092425298,36431116138921,36431091864792,
0,1670229,36431097366610,36431097366610,0,36431098095586,36431098098272,36431098101120,36431098218063,36431113966610,36431098086675,8333015,16600000,36431097366610,-1,36431098337570,36431099099533,36431099223923,36431100185064,36431101134649,19491,413696,36431101134649,36431100721237,36431124455653,36431100185064,
0,1670237,36431105685780,36431105685780,0,36431106360072,36431106362554,36431106365240,36431106478846,36431122285780,36431106351730,8332870,16600000,36431105685780,-1,36431106606410,36431107423915,36431107552455,36431108581752,36431111827520,19572,370158,36431111827520,36431109047857,36431132787725,36431108581752,
0,1670245,36431114016549,36431114016549,0,36431114740199,36431114743535,36431114746750,36431114868698,36431130616549,36431114729701,8332676,16600000,36431114016549,-1,36431115006760,36431115635422,36431115739060,36431116625697,36431119873337,19897,418539,36431119873337,36431117143356,36431141141241,36431116625697,
0,1670253,36431122345322,36431122345322,0,36431122940801,36431122944016,36431122946823,36431123046433,36431138945322,36431122931971,8333064,16600000,36431122345322,-1,36431123158412,36431123840581,36431123952357,36431124794968,36431125725388,19409,359741,36431125725388,36431125259201,36431149468470,36431124794968,
0,1670261,36431130684710,36431130684710,0,36431131341802,36431131345179,36431131348068,36431131454921,36431147284710,36431131333298,8332395,16600000,36431130684710,-1,36431131571416,36431132537928,36431132630173,36431133589442,36431137073573,21484,403157,36431137073573,36431134100632,36431157780604,36431133589442,
0,1670269,36431139010496,36431139010496,0,36431139706670,36431139709763,36431139712855,36431139824916,36431155610496,36431139697556,8332055,16600000,36431139010496,-1,36431139946742,36431140647141,36431140792852,36431141621180,36431144740524,19043,489339,36431144740524,36431142222255,36431166120814,36431141621180,
0,1670277,36431147339687,36431147339687,0,36431147999964,36431148095505,36431148097702,36431148189621,36431163939687,36431147992315,8332151,16600000,36431147339687,-1,36431148282394,36431149079880,36431149188441,36431150125738,36431150745285,20060,397176,36431150745285,36431150634527,36431174481613,36431150125738,
0,1670285,36431155675663,36431155675663,0,36431156418137,36431156420700,36431156424240,36431156543584,36431172275663,36431156408737,8332809,16600000,36431155675663,-1,36431156665899,36431157411626,36431157519455,36431158725103,36431161817876,20508,431519,36431161817876,36431159268560,36431182811854,36431158725103,
0,1670293,36431164017311,36431164017311,0,36431164690231,36431164692510,36431164694463,36431164773768,36431180617311,36431164685389,8332344,16600000,36431164017311,-1,36431164849492,36431165423793,36431165539678,36431166319707,36431169807948,18921,412028,36431169807948,36431166842738,36431191143275,36431166319707,
0,1670301,36431172344328,36431172344328,0,36431173098719,36431173102341,36431173105799,36431173250005,36431188944328,36431173088059,8332672,16600000,36431172344328,-1,36431173384974,36431174035650,36431174144007,36431174948288,36431175968267,18514,435180,36431175968267,36431175510178,36431199469488,36431174948288,
0,1670309,36431180680951,36431180680951,0,36431181387578,36431181390142,36431181393153,36431181469691,36431197280951,36431181382858,8332769,16600000,36431180680951,-1,36431181544235,36431182634649,36431182748744,36431183887497,36431186819178,24943,556356,36431186819178,36431184569423,36431207789881,36431183887497,
0,1670317,36431189017707,36431189017707,0,36431189666387,36431189668869,36431189671839,36431189757899,36431205617707,36431189658452,8333298,16600000,36431189017707,-1,36431189852910,36431190643478,36431190788498,36431191711309,36431194557622,24048,567342,36431194557622,36431192414149,36431216162806,36431191711309,
0,1670325,36431197358873,36431197358873,0,36431198078903,36431198081426,36431198084234,36431198160731,36431213958873,36431198073085,8333297,16600000,36431197358873,-1,36431198243454,36431199068731,36431199205938,36431200236822,36431201228928,24048,511149,36431201228928,36431200886032,36431224450119,36431200236822,
0,1670334,36431214034026,36431214034026,0,36431214893601,36431214899257,36431214903773,36431215086960,36431230634026,36431214878220,8334824,16600000,36431214034026,-1,36431215284185,36431216158168,36431216277186,36431217104009,36431221407395,24821,457723,36431221407395,36431217702561,36431241134893,36431217104009,
0,1670342,36431222378272,36431222378272,0,36431223300095,36431223303391,36431223306117,36431223426519,36431238978272,36431223289475,8335504,16600000,36431222378272,-1,36431223558965,36431224431768,36431224498988,36431225171107,36431226262741,18433,423991,36431226262741,36431225719895,36431249456589,36431225171107,
0,1670350,36431230723071,36431230723071,0,36431231481979,36431231485194,36431231487757,36431231593267,36431247323071,36431231473190,8335504,16600000,36431230723071,-1,36431231720668,36431232440923,36431232504644,36431233116338,36431234580490,11922,398275,36431234580490,36431233605311,36431257863286,36431233116338,
0,1670358,36431239058575,36431239058575,0,36431240188929,36431240191696,36431240194626,36431240305791,36431255658575,36431240179449,8335656,16600000,36431239058575,-1,36431240427211,36431241160446,36431241296921,36431242173386,36431244137294,25553,403727,36431244137294,36431242692063,36431266231328,36431242173386,
0,1670366,36431247393009,36431247393009,0,36431248217331,36431248219691,36431248221766,36431248300135,36431263993009,36431248210902,8335373,16600000,36431247393009,-1,36431248389654,36431249052862,36431249171229,36431249978765,36431254035650,17496,410278,36431254035650,36431250506394,36431274485804,36431249978765,
0,1670374,36431255723667,36431255723667,0,36431256814906,36431256817347,36431256820358,36431256906825,36431272323667,36431256805751,8334857,16600000,36431255723667,-1,36431257002406,36431258758591,36431258908534,36431260177414,36431263442754,24943,689941,36431263442754,36431260995692,36431282833745,36431260177414,
0,1670382,36431264050270,36431264050270,0,36431265044113,36431265046433,36431265049281,36431265139287,36431280650270,36431265036830,8335542,16600000,36431264050270,-1,36431265235560,36431266045456,36431266157924,36431267257980,36431268221685,16439,506633,36431268221685,36431267907517,36431291175217,36431267257980,
0,1670390,36431272398501,36431272398501,0,36431274168096,36431274172775,36431274176682,36431274318731,36431288998501,36431274155401,8336289,16600000,36431272398501,-1,36431274624802,36431275321701,36431275478358,36431276710861,36431277853968,24414,608195,36431277853968,36431277494512,36431299479945,36431276710861,
0,1670405,36431280746201,36431280746201,0,36431282557175,36431282561122,36431282564825,36431282706223,36431297346201,36431282543381,8336086,16600000,36431280746201,-1,36431283206711,36431283956467,36431284138799,36431285137985,36431286157801,20386,875855,36431286037888,36431286157801,36431307825811,36431285137985,
0,1670413,36431289082287,36431289082287,0,36431289885300,36431289888677,36431289892421,36431290009893,36431305682287,36431289874436,8335814,16600000,36431289082287,-1,36431290143072,36431291117722,36431291268967,36431292411423,36431295404017,24333,445679,36431295404017,36431292950485,36431316144292,36431292411423,
0,1670421,36431297414778,36431297414778,0,36431298161789,36431298163864,36431298166021,36431298244309,36431314014778,36431298155564,8336141,16600000,36431297414778,-1,36431298321620,36431299416102,36431299542242,36431300618576,36431301463954,27140,518880,36431301463954,36431301264898,36431324498418,36431300618576,
0,1670429,36431305754757,36431305754757,0,36431306724696,36431306728155,36431306731857,36431306853317,36431322354757,36431306714076,8335805,16600000,36431305754757,-1,36431306990036,36431307824265,36431307994431,36431308984014,36431309758469,25310,378214,36431309758469,36431309470220,36431333006312,36431308984014,
0,1670437,36431314084090,36431314084090,0,36431317567103,36431317570684,36431317574224,36431317700241,36431330684090,36431317555588,8335591,16600000,36431314084090,-1,36431317840459,36431319282679,36431319452601,36431320486293,36431323462408,29379,409668,36431323462408,36431321011765,36431341208827,36431320486293,
0,1670445,36431322415984,36431322415984,0,36431323248337,36431323251796,36431323255702,36431323388352,36431339015984,36431323236374,8335425,16600000,36431322415984,-1,36431323529628,36431324403570,36431324535080,36431325425909,36431327142624,20915,471273,36431327142624,36431326035406,36431349500371,36431325425909,
0,1670453,36431330746866,36431330746866,0,36431331679123,36431331682867,36431331686610,36431331826218,36431347346866,36431331665858,8335441,16600000,36431330746866,-1,36431331968023,36431334455043,36431334586390,36431335841151,36431337322515,25268,1067953,36431337271490,36431337322515,36431357842331,36431335841151,
0,1670461,36431339081832,36431339081832,0,36431339893356,36431339896612,36431339900030,36431340123662,36431355681832,36431339881882,8337370,16600000,36431339081832,-1,36431340265386,36431342199631,36431342401820,36431343911097,36431345549891,21200,940063,36431345549891,36431345127040,36431366145839,36431343911097,
0,1670469,36431347455087,36431347455087,0,36431348322474,36431348326014,36431348330124,36431348455409,36431364055087,36431348310918,8337411,16600000,36431347455087,-1,36431348594325,36431349330246,36431349408371,36431350225998,36431351039353,14893,442261,36431351039353,36431350796270,36431374510056,36431350225998,
0,1670477,36431355793229,36431355793229,0,36431356749558,36431356754034,36431356758062,36431356899745,36431372393229,36431356737758,8337201,16600000,36431355793229,-1,36431357039231,36431357668991,36431357757899,36431358450038,36431359130336,19043,423828,36431359130336,36431358991867,36431382823939,36431358450038,
0,1670485,36431364124188,36431364124188,0,36431364777308,36431364779628,36431364781621,36431364861455,36431380724188,36431364769496,8337035,16600000,36431364124188,-1,36431364951462,36431365593186,36431365675746,36431366316696,36431367875453,18351,377807,36431367875453,36431366811366,36431391160039,36431366316696,
0,1670493,36431372456403,36431372456403,0,36431373912237,36431373916224,36431373919195,36431374032069,36431389056403,36431373901901,8336405,16600000,36431372456403,-1,36431374308436,36431374887172,36431374958461,36431375707647,36431376325119,15748,495808,36431376295660,36431376325119,36431399518031,36431375707647,
0,1670501,36431380780419,36431380780419,0,36431382099574,36431382103399,36431382107264,36431382216599,36431397380419,36431382089198,8336060,16600000,36431380780419,-1,36431382348597,36431382891973,36431382969121,36431383575689,36431385074590,14893,357015,36431385074590,36431384126755,36431407833583,36431383575689,
0,1670509,36431389110572,36431389110572,0,36431389986455,36431389989914,36431389993332,36431390124720,36431405710572,36431389976731,8335169,16600000,36431389110572,-1,36431390243658,36431391030075,36431391131109,36431391958746,36431392645472,25960,565837,36431392427943,36431392645472,36431416172043,36431391958746,
0,1670517,36431397432464,36431397432464,0,36431398538742,36431398542120,36431398545538,36431398669927,36431414032464,36431398528448,8334887,16600000,36431397432464,-1,36431399167282,36431399823817,36431399925380,36431400749314,36431404081670,18514,279134,36431404081670,36431401129725,36431424505498,36431400749314,
0,1670525,36431405761464,36431405761464,0,36431407291794,36431407295497,36431407299240,36431407432175,36431422361464,36431407280767,8334154,16600000,36431405761464,-1,36431407951747,36431408916835,36431409028936,36431409956630,36431412879278,28401,777465,36431412879278,36431410827845,36431432845220,36431409956630,
0,1670533,36431414087486,36431414087486,0,36431415309250,36431415312098,36431415314458,36431415396327,36431430687486,36431415301112,8333387,16600000,36431414087486,-1,36431415491664,36431416721644,36431416847662,36431418512904,36431419590704,25676,882935,36431419014288,36431419590704,36431441198736,36431418512904,
0,1670541,36431422411300,36431422411300,0,36431423477829,36431423480433,36431423482753,36431423553635,36431439011300,36431423470953,8332462,16600000,36431422411300,-1,36431423618820,36431424618088,36431424761683,36431425768845,36431427674200,16846,695597,36431427674200,36431426572678,36431449503586,36431425768845,
0,1670549,36431430733659,36431430733659,0,36431431702479,36431431704799,36431431706914,36431431777430,36431447333659,36431431695399,8332624,16600000,36431430733659,-1,36431431860520,36431432686529,36431432949224,36431433901657,36431435468023,20304,1104410,36431435468023,36431435136561,36431457835984,36431433901657,
0,1670557,36431439068119,36431439068119,0,36431440671677,36431440674769,36431440678147,36431440801193,36431455668119,36431440661016,8333462,16600000,36431439068119,-1,36431440934576,36431441761805,36431441851812,36431442568650,36431444216558,20548,479289,36431444216558,36431443174200,36431466164271,36431442568650,
0,1670565,36431447410965,36431447410965,0,36431448943812,36431448946823,36431448949997,36431449053553,36431464010965,36431448934657,8333422,16600000,36431447410965,-1,36431449308111,36431449854945,36431449932907,36431450537155,36431452241053,16154,373251,36431452241053,36431451021246,36431474493902,36431450537155,
0,1670573,36431455746031,36431455746031,0,36431456584885,36431456587570,36431456590419,36431456697678,36431472346031,36431456576055,8333137,16600000,36431455746031,-1,36431456802658,36431457310674,36431457406459,36431458003138,36431459376633,18351,360515,36431459376633,36431458473028,36431482806890,36431458003138,
0,1670581,36431464075391,36431464075391,0,36431464736740,36431464740036,36431464743332,36431464866867,36431480675391,36431464726202,8332961,16600000,36431464075391,-1,36431464990891,36431465572637,36431465659795,36431466254034,36431467972011,15543,372965,36431467972011,36431466730515,36431491208868,36431466254034,
0,1670589,36431472405878,36431472405878,0,36431473634486,36431473638433,36431473641648,36431473766403,36431489005878,36431473441452,8332271,16600000,36431472405878,-1,36431473892950,36431474445440,36431474554489,36431475368169,36431476211472,16439,414754,36431476211472,36431475894781,36431499526739,36431475368169,
0,1670597,36431480730089,36431480730089,0,36431481760748,36431481763677,36431481766688,36431481869471,36431497330089,36431481750982,8331700,16600000,36431480730089,-1,36431481982264,36431482623988,36431482711390,36431483314947,36431484215582,15910,397787,36431484215582,36431483819341,36431507856451,36431483314947,
0,1670605,36431489055213,36431489055213,0,36431489839117,36431489841355,36431489843389,36431489920293,36431505655213,36431489833135,8330601,16600000,36431489055213,-1,36431490002284,36431490669235,36431490744756,36431491387253,36431492335170,16723,368815,36431492335170,36431491871547,36431516156418,36431491387253,
0,1670613,36431497372408,36431497372408,0,36431498514084,36431498519577,36431498523606,36431498703334,36431513972408,36431498497808,8330817,16600000,36431497372408,-1,36431498894903,36431499865077,36431499983038,36431501123418,36431502394577,129476,517049,36431502394577,36431501778651,36431524503627,36431501123418,
0,1670621,36431505711063,36431505711063,0,36431506771693,36431506776210,36431506780808,36431506950201,36431522311063,36431506757777,8333503,16600000,36431505711063,-1,36431507129156,36431508239467,36431508358811,36431509400640,36431510234706,25919,468424,36431510234706,36431510001633,36431532865077,36431509400640,
0,1670629,36431514076031,36431514076031,0,36431514963140,36431514966273,36431514969366,36431515094488,36431530676031,36431514952439,8334291,16600000,36431514076031,-1,36431515228480,36431517390101,36431517554367,36431518789312,36431520357427,23885,967855,36431520357427,36431519935389,36431541174240,36431518789312,
0,1670637,36431522419838,36431522419838,0,36431523229538,36431523232387,36431523235438,36431523353358,36431539019838,36431523218511,8333972,16600000,36431522419838,-1,36431523480433,36431525490362,36431525797776,36431526682663,36431528110642,19409,978597,36431527961716,36431528110642,36431549528407,36431526682663,
0,1670645,36431530748015,36431530748015,0,36431531496058,36431531498785,36431531501511,36431531619716,36431547348015,36431531485682,8334002,16600000,36431530748015,-1,36431531744756,36431532687017,36431533197190,36431534727666,36431536767177,21444,287069,36431536767177,36431535083868,36431557837204,36431534727666,
0,1670653,36431539081515,36431539081515,0,36431540899908,36431540904750,36431540908941,36431541063034,36431555681515,36431540885503,8333972,16600000,36431539081515,-1,36431541255132,36431543020228,36431543321294,36431545425624,36431546775884,35726,862996,36431546724086,36431546775884,36431566228073,36431545425624,
0,1670661,36431547417041,36431547417041,0,36431549991786,36431549994960,36431549997930,36431550128830,36431564017041,36431549979823,8334005,16600000,36431547417041,-1,36431550264532,36431550979620,36431551099574,36431552102585,36431554852138,20182,631470,36431554852138,36431552910324,36431574527634,36431552102585,
0,1670669,36431555750730,36431555750730,0,36431557644821,36431557648321,36431557652308,36431557889694,36431572350730,36431557632696,8334032,16600000,36431555750730,-1,36431558033778,36431559194016,36431559325608,36431560383998,36431562624151,19125,588867,36431562624151,36431561142299,36431582856451,36431560383998,
0,1670677,36431564086344,36431564086344,0,36431567052943,36431567057704,36431567061285,36431567240443,36431580686344,36431567038010,8333696,16600000,36431564086344,-1,36431567662115,36431569292242,36431569507492,36431570791428,36431573503383,25228,636881,36431573503383,36431571621262,36431591205043,36431570791428,
0,1670685,36431572415330,36431572415330,0,36431573926763,36431573930222,36431573934209,36431574062017,36431589015330,36431573915329,8334555,16600000,36431572415330,-1,36431574188726,36431574971563,36431575256272,36431576238938,36431578363531,21280,677694,36431578363531,36431577047694,36431599545009,36431576238938,
0,1670693,36431580763288,36431580763288,0,36431581523768,36431581526413,36431581528570,36431581600917,36431597363288,36431581517095,8334585,16600000,36431580763288,-1,36431581686936,36431582438482,36431582542079,36431583380905,36431585543666,20589,462849,36431585543666,36431583968348,36431607837245,36431583380905,
0,1670701,36431589098426,36431589098426,0,36431590093186,36431590096360,36431590099330,36431590379196,36431605698426,36431590084030,8334591,16600000,36431589098426,-1,36431590511806,36431591280075,36431591386358,36431592489100,36431593643641,20590,439169,36431593643641,36431593056320,36431616173671,36431592489100,
0,1670709,36431597432733,36431597432733,0,36431597961065,36431597963222,36431597965500,36431598125168,36431614032733,36431597952968,8334790,16600000,36431597432733,-1,36431598202032,36431598963710,36431599097173,36431599958949,36431601345668,21200,609579,36431601345668,36431600707525,36431624655564,36431599958949,
0,1670717,36431605770596,36431605770596,0,36431606519130,36431606522019,36431606525233,36431606638311,36431622370596,36431606508754,8335135,16600000,36431605770596,-1,36431606765020,36431607623703,36431607744227,36431609039312,36431609787888,22013,457601,36431609787888,36431609623866,36431632865565,36431609039312,
0,1670725,36431614110588,36431614110588,0,36431614882167,36431614886032,36431614889532,36431615002732,36431630710588,36431614870489,8335162,16600000,36431614110588,-1,36431615130661,36431616377406,36431616491216,36431617532151,36431620693568,21485,606242,36431620693568,36431618310878,36431641247238,36431617532151,
0,1670733,36431622442904,36431622442904,0,36431623487147,36431623491420,36431623495652,36431623649745,36431639042904,36431623473557,8334826,16600000,36431622442904,-1,36431623828700,36431625590541,36431625755295,36431627051519,36431628807419,31494,590454,36431628807419,36431627805059,36431649541184,36431627051519,
0,1670741,36431630771537,36431630771537,0,36431631530726,36431631532883,36431631534999,36431631614467,36431647371537,36431631523565,8336592,16600000,36431630771537,-1,36431631698817,36431632777756,36431632881312,36431633849493,36431634536504,24048,475464,36431634536504,36431634461960,36431657845383,36431633849493,
0,1670749,36431639138123,36431639138123,0,36431640623907,36431640628342,36431640632208,36431640784226,36431655738123,36431640611252,8336287,16600000,36431639138123,-1,36431641078049,36431642080775,36431642218226,36431643082403,36431645023728,26774,511922,36431645023728,36431643740362,36431666196864,36431643082403,
0,1670757,36431647468765,36431647468765,0,36431649321132,36431649326788,36431649330857,36431649775681,36431664068765,36431649294154,8336562,16600000,36431647468765,-1,36431649988856,36431650781825,36431650873622,36431651618576,36431653922491,20182,552287,36431653922491,36431652297165,36431674494878,36431651618576,
0,1670765,36431655810419,36431655810419,0,36431656522182,36431656524704,36431656527634,36431656613124,36431672410419,36431656515020,8335822,16600000,36431655810419,-1,36431656698695,36431658547450,36431658865240,36431660641973,36431661571620,25960,583618,36431661497279,36431661571620,36431682866461,36431660641973,
0,1670773,36431664136404,36431664136404,0,36431665420822,36431665424118,36431665427292,36431665549851,36431680736404,36431665409918,8335648,16600000,36431664136404,-1,36431665677780,36431666419276,36431666521449,36431667494797,36431668282232,16113,678304,36431668068609,36431668282232,36431691197881,36431667494797,
0,1670781,36431672465707,36431672465707,0,36431673193405,36431673196172,36431673199590,36431673318772,36431689065707,36431673183396,8335535,16600000,36431672465707,-1,36431673441859,36431674671107,36431674778692,36431675636602,36431678355637,23397,504476,36431678355637,36431676253586,36431699506272,36431675636602,
0,1670789,36431680797575,36431680797575,0,36431681642828,36431681646083,36431681649704,36431681764328,36431697397575,36431681632045,8334855,16600000,36431680797575,-1,36431681890834,36431682076625,36431682221766,36431683194952,36431684268275,24088,414714,36431684268275,36431683731207,36431707857102,36431683194952,
0,1670797,36431689119636,36431689119636,0,36431689800054,36431689803472,36431689806524,36431689912359,36431705719636,36431689790248,8334237,16600000,36431689119636,-1,36431690033453,36431690907435,36431690998378,36431691987310,36431692633184,18921,428426,36431692582322,36431692633184,36431716224656,36431691987310,
0,1670805,36431697446177,36431697446177,0,36431698044561,36431698047409,36431698050054,36431698148524,36431714046177,36431698035284,8333746,16600000,36431697446177,-1,36431698255377,36431698874599,36431698955531,36431699844203,36431700372849,17863,443523,36431700365850,36431700372849,36431724520839,36431699844203,
0,1670814,36431714099363,36431714099363,0,36431714943283,36431714944911,36431714945888,36431714986822,36431730699363,36431714938848,8332761,16600000,36431714099363,-1,36431715032842,36431715710007,36431715881923,36431716747320,36431718864345,21932,407633,36431718864345,36431717296311,36431741195196,36431716747320,
0,1670823,36431730764200,36431730764200,0,36431731350713,36431731351812,36431731352707,36431731394170,36431747364200,36431731347133,8333016,16600000,36431730764200,-1,36431731442185,36431732176560,36431732302007,36431733274094,36431733944504,20467,482463,36431733944504,36431733880336,36431757874070,36431733274094,
0,1670831,36431739097216,36431739097216,0,36431739768723,36431739771937,36431739775559,36431739889044,36431755697216,36431739758347,8332308,16600000,36431739097216,-1,36431740105352,36431740907313,36431741089809,36431742084559,36431742698126,22543,468995,36431742698126,36431742683965,36431766179449,36431742084559,
0,1670839,36431747420424,36431747420424,0,36431748400152,36431748404424,36431748408453,36431748547409,36431764020424,36431748388026,8332308,16600000,36431747420424,-1,36431748697068,36431750213222,36431750335333,36431752746547,36431753482468,21363,567139,36431753292445,36431753482468,36431774514044,36431752746547,
0,1670848,36431764089375,36431764089375,0,36431764744350,36431764747239,36431764749558,36431764975469,36431780689375,36431764736374,8332637,16600000,36431764089375,-1,36431765069545,36431765676397,36431765765020,36431766341558,36431766830246,15136,291015,36431766830246,36431766721034,36431791215297,36431766341558,
0,1670856,36431772423943,36431772423943,0,36431773351365,36431773353602,36431773355881,36431773432541,36431789023943,36431773344732,8332163,16600000,36431772423943,-1,36431773516973,36431774037481,36431774110520,36431774640753,36431775178676,13469,260091,36431775178676,36431774978033,36431799589239,36431774640753,
0,1670871,36431780749127,36431780749127,0,36431781834112,36431781836350,36431781838466,36431781928391,36431797349127,36431781826015,8332163,16600000,36431780749127,-1,36431782008388,36431783001104,36431783077479,36431783810471,36431787458095,14201,555786,36431787458095,36431784448573,36431807895106,36431783810471,
0,1670879,36431789081290,36431789081290,0,36431789801234,36431789803961,36431789806239,36431789891322,36431805681290,36431789793951,8331964,16600000,36431789081290,-1,36431789976202,36431790588140,36431790664027,36431791333257,36431793164231,14892,383504,36431793164231,36431791818121,36431816197027,36431791333257,
0,1670887,36431797410111,36431797410111,0,36431798329799,36431798332199,36431798334844,36431798444626,36431814010111,36431798322190,8332409,16600000,36431797410111,-1,36431798564214,36431799761887,36431799872198,36431800829839,36431804120733,25228,403361,36431804120733,36431801354091,36431824538417,36431800829839,
0,1670895,36431805751395,36431805751395,0,36431806593715,36431806596726,36431806600469,36431806720709,36431822351395,36431806583176,8332821,16600000,36431805751395,-1,36431806846441,36431807037929,36431807148362,36431808169968,36431809192429,20630,410563,36431809192429,36431808697149,36431832897466,36431808169968,
0,1670903,36431814096076,36431814096076,0,36431814943894,36431814946539,36431814948980,36431815050868,36431830696076,36431814934535,8332761,16600000,36431814096076,-1,36431815167323,36431815997768,36431816219569,36431817185959,36431818036708,23600,408285,36431818036708,36431817700648,36431841210211,36431817185959,
0,1670911,36431822431223,36431822431223,0,36431823251959,36431823254603,36431823257655,36431823355393,36431839031223,36431823243943,8334039,16600000,36431822431223,-1,36431823464198,36431824162888,36431824228725,36431824802048,36431828253098,15788,331014,36431828253098,36431825227016,36431849530442,36431824802048,
0,1670919,36431830779533,36431830779533,0,36431831332525,36431831333502,36431831334763,36431831377325,36431847379533,36431831328008,8334042,16600000,36431830779533,-1,36431831425095,36431832295619,36431832376389,36431833142462,36431833660731,17090,356079,36431833660731,36431833601324,36431857866420,36431833142462,
0,1670928,36431847459661,36431847459661,0,36431848274582,36431848277838,36431848280198,36431848372727,36431864059661,36431848266526,8335092,16600000,36431847459661,-1,36431848467087,36431848827439,36431848852992,36431849170049,36431850078985,6755,181559,36431850078985,36431849395798,36431874532273,36431849170049,
0,1670936,36431855795774,36431855795774,0,36431856483078,36431856486171,36431856489670,36431856589076,36431872395774,36431856473516,8334782,16600000,36431855795774,-1,36431856699916,36431857754685,36431857943039,36431858867803,36431859628179,18026,512044,36431859554530,36431859628179,36431882879156,36431858867803,
0,1670944,36431864124818,36431864124818,0,36431864754441,36431864757167,36431864760300,36431864856288,36431880724818,36431864745285,8334782,16600000,36431864124818,-1,36431864956426,36431865748012,36431865828131,36431866519781,36431867092576,16683,432048,36431867092576,36431867035691,36431891253464,36431866519781,
0,1670952,36431872459600,36431872459600,0,36431873165167,36431873168585,36431873172165,36431873262050,36431889059600,36431873155523,8334709,16600000,36431872459600,-1,36431873365240,36431874001063,36431874089890,36431874927211,36431875438197,18189,396037,36431875351446,36431875438197,36431899553187,36431874927211,
0,1670960,36431880791635,36431880791635,0,36431881409022,36431881412156,36431881415696,36431881501796,36431897391635,36431881399989,8334160,16600000,36431880791635,-1,36431881599289,36431882250087,36431882359177,36431883717209,36431884486822,18921,683513,36431884308274,36431884486822,36431907957240,36431883717209,
0,1670969,36431897452089,36431897452089,0,36431898109177,36431898113409,36431898116949,36431898228603,36431914052089,36431898098313,8334692,16600000,36431897452089,-1,36431898351243,36431899789719,36431899889288,36431901063848,36431903209844,21444,826172,36431903209844,36431902024216,36431924558477,36431901063848,
0,1670977,36431905795818,36431905795818,0,36431906464564,36431906467942,36431906471319,36431906564459,36431922395818,36431906454595,8334405,16600000,36431905795818,-1,36431906670334,36431906844773,36431906932785,36431908233567,36431908866501,18676,363648,36431908866501,36431908681768,36431932886236,36431908233567,
0,1670985,36431914126633,36431914126633,0,36431914809698,36431914813116,36431914816575,36431914913580,36431930726633,36431914799200,8334405,16600000,36431914126633,-1,36431915024053,36431916305995,36431916389044,36431917482753,36431918322353,18148,741536,36431917921148,36431918322353,36431941327073,36431917482753,
0,1670993,36431922461038,36431922461038,0,36431923081711,36431923084804,36431923088140,36431923168707,36431939061038,36431923072841,8335102,16600000,36431922461038,-1,36431923257086,36431924126226,36431924223109,36431925098842,36431925900193,19531,437663,36431925900193,36431925644700,36431949559698,36431925098842,
0,1671001,36431930810873,36431930810873,0,36431931474086,36431931477341,36431931481044,36431931559291,36431947410873,36431931464809,8335396,16600000,36431930810873,-1,36431931648402,36431932466680,36431932551885,36431933284592,36431934493251,15910,630534,36431934493251,36431934015508,36431957901739,36431933284592,
0,1671010,36431947478756,36431947478756,0,36431948145106,36431948148280,36431948151983,36431948256394,36431964078756,36431948134283,8336254,16600000,36431947478756,-1,36431948369350,36431949449184,36431949570074,36431950421189,36431953644130,21932,409994,36431953644130,36431950967779,36431974576218,36431950421189,
0,1671018,36431955836404,36431955836404,0,36431956536545,36431956539516,36431956543015,36431956633957,36431972436404,36431956527471,8336086,16600000,36431955836404,-1,36431956736903,36431956874273,36431956967128,36431957814784,36431958883144,17700,390543,36431958883144,36431958314906,36431982891689,36431957814784,
0,1671026,36431964167568,36431964167568,0,36431965196213,36431965201177,36431965206060,36431965360764,36431980767568,36431965181036,8336086,16600000,36431964167568,-1,36431965519822,36431967184250,36431967353114,36431968597255,36431969171352,23478,438680,36431969171352,36431969132737,36431991230271,36431968597255,
0,1671034,36431972503654,36431972503654,0,36431973182053,36431973185186,36431973188645,36431973277716,36431989103654,36431973172694,8335629,16600000,36431972503654,-1,36431973373948,36431974118699,36431974200811,36431974995570,36431975701015,15137,312663,36431975701015,36431975396978,36431999602016,36431974995570,
0,1671042,36431980831678,36431980831678,0,36431981526413,36431981528855,36431981531256,36431981615606,36431997431678,36431981519293,8335178,16600000,36431980831678,-1,36431981702561,36431982624843,36431982694667,36431983483607,36431986973964,19043,421631,36431986973964,36431984127976,36432007899094,36431983483607,
0,1671050,36431989160174,36431989160174,0,36431990245733,36431990248175,36431990251470,36431990341965,36432005760174,36431990237880,8334891,16600000,36431989160174,-1,36431990437343,36431990823858,36431990874151,36431991236008,36431993512497,9928,209310,36431993512497,36431991501592,36432016252569,36431991236008,
0,1671059,36432005832413,36432005832413,0,36432006562628,36432006568080,36432006573614,36432006704840,36432022432413,36432006549688,8335642,16600000,36432005832413,-1,36432006868658,36432007400071,36432007451869,36432007889695,36432008923915,11881,261149,36432008923915,36432008215907,36432032921107,36432007889695,
0,1671067,36432014168055,36432014168055,0,36432015246547,36432015249802,36432015253383,36432015349940,36432030768055,36432015237188,8335223,16600000,36432014168055,-1,36432015460048,36432015797410,36432015844773,36432016275518,36432017312343,8789,194417,36432017312343,36432016524338,36432041245204,36432016275518,
0,1671076,36432030831330,36432030831330,0,36432031404425,36432031408127,36432031411627,36432031508998,36432047431330,36432031394130,8335105,16600000,36432030831330,-1,36432031619635,36432032483648,36432032577317,36432033573899,36432034434576,22258,523153,36432034434576,36432034232997,36432057931524,36432033573899,
0,1671084,36432039164766,36432039164766,0,36432040220261,36432040223720,36432040227382,36432040343389,36432055764766,36432040209600,8335269,16600000,36432039164766,-1,36432040473109,36432041351446,36432041487025,36432042651536,36432043191249,22624,410848,36432043191249,36432043181606,36432066286098,36432042651536,
0,1671092,36432047501658,36432047501658,0,36432048221034,36432048224127,36432048227667,36432048320888,36432064101658,36432048211757,8335269,16600000,36432047501658,-1,36432048426967,36432049350998,36432049449143,36432050651129,36432051483567,18473,505493,36432051483567,36432051266851,36432074610805,36432050651129,
0,1671100,36432055836927,36432055836927,0,36432056635951,36432056639003,36432056642584,36432056733933,36432072436927,36432056626918,8335032,16600000,36432055836927,-1,36432056834519,36432057507371,36432057620408,36432058504400,36432059044724,18758,389120,36432059044724,36432059007208,36432082927333,36432058504400,
0,1671109,36432072495552,36432072495552,0,36432073234625,36432073238775,36432073243455,36432073377162,36432089095552,36432073221807,8334794,16600000,36432072495552,-1,36432073519130,36432074794887,36432074928554,36432075760219,36432078659145,21281,824544,36432078659145,36432076840256,36431016141932,36432075760219,
0,1671117,36432080836975,36432080836975,0,36432081656622,36432081660528,36432081665370,36432081783860,36432097436975,36432081644252,8334571,16600000,36432080836975,-1,36432081909389,36432083195562,36432083291347,36432084590500,36432088227301,21972,482218,36432088227301,36432085219122,36431024443731,36432084590500,
0,1671125,36432089170208,36432089170208,0,36432089820440,36432089821417,36432089822312,36432089859910,36432105770208,36432089816819,8334571,16600000,36432089170208,-1,36432089901414,36432090552333,36432090655401,36432091549403,36432092214036,16073,400960,36432092214036,36432092114752,36431032820562,36432091549403,
0,1671133,36432097504779,36432097504779,0,36432098004685,36432098005621,36432098007045,36432098047979,36432114104779,36432098000819,8334229,16600000,36432097504779,-1,36432098093634,36432098667405,36432098731085,36432099411464,36432100205572,13468,452555,36432100205572,36432099970098,36431041192917,36432099411464,
0,1671141,36432105834271,36432105834271,0,36432106883510,36432106886358,36432106889329,36432106983526,36432122434271,36432106874802,8334025,16600000,36432105834271,-1,36432107088995,36432107722458,36432107851202,36432108674770,36432109315028,20915,434366,36432109315028,36432109200933,36431049464035,36432108674770,
0,1671150,36432122499844,36432122499844,0,36432123183762,36432123187506,36432123191005,36432123321986,36432139099844,36432123169928,8334280,16600000,36432122499844,-1,36432123467576,36432123962327,36432124091843,36432124551438,36432125627813,13632,254353,36432125627813,36432124882452,36431057808558,36432124551438,
---PROFILEDATA---


View hierarchy:

  org.ultimatemaps.spike.maplibre/org.ultimatemaps.spike.MainActivity/android.view.ViewRootImpl@5304d77
  10 views, 17,58 kB of render nodes


Total ViewRootImpl   : 1
Total attached Views : 10
Total RenderNode     : 17,58 kB (used) / 56,80 kB (capacity)

