Applications Graphics Acceleration Info:
Uptime: 36377022 Realtime: 36377022

** Graphics info for pid 11679 [org.ultimatemaps.spike.maplibre] **

Stats since: 36370093951961ns
Total frames rendered: 312
Janky frames: 0 (0.00%)
Janky frames (legacy): 0 (0.00%)
50th percentile: 5ms
90th percentile: 5ms
95th percentile: 5ms
99th percentile: 8ms
Number Missed Vsync: 0
Number High input latency: 0
Number Slow UI thread: 0
Number Slow bitmap uploads: 0
Number Slow issue draw commands: 0
Number Frame deadline missed: 0
Number Frame deadline missed (legacy): 0
HISTOGRAM: 5ms=305 6ms=2 7ms=1 8ms=1 9ms=0 10ms=1 11ms=0 12ms=1 13ms=0 14ms=0 15ms=1 16ms=0 17ms=0 18ms=0 19ms=0 20ms=0 21ms=0 22ms=0 23ms=0 24ms=0 25ms=0 26ms=0 27ms=0 28ms=0 29ms=0 30ms=0 31ms=0 32ms=0 34ms=0 36ms=0 38ms=0 40ms=0 42ms=0 44ms=0 46ms=0 48ms=0 53ms=0 57ms=0 61ms=0 65ms=0 69ms=0 73ms=0 77ms=0 81ms=0 85ms=0 89ms=0 93ms=0 97ms=0 101ms=0 105ms=0 109ms=0 113ms=0 117ms=0 121ms=0 125ms=0 129ms=0 133ms=0 150ms=0 200ms=0 250ms=0 300ms=0 350ms=0 400ms=0 450ms=0 500ms=0 550ms=0 600ms=0 650ms=0 700ms=0 750ms=0 800ms=0 850ms=0 900ms=0 950ms=0 1000ms=0 1050ms=0 1100ms=0 1150ms=0 1200ms=0 1250ms=0 1300ms=0 1350ms=0 1400ms=0 1450ms=0 1500ms=0 1550ms=0 1600ms=0 1650ms=0 1700ms=0 1750ms=0 1800ms=0 1850ms=0 1900ms=0 1950ms=0 2000ms=0 2050ms=0 2100ms=0 2150ms=0 2200ms=0 2250ms=0 2300ms=0 2350ms=0 2400ms=0 2450ms=0 2500ms=0 2550ms=0 2600ms=0 2650ms=0 2700ms=0 2750ms=0 2800ms=0 2850ms=0 2900ms=0 2950ms=0 3000ms=0 3050ms=0 3100ms=0 3150ms=0 3200ms=0 3250ms=0 3300ms=0 3350ms=0 3400ms=0 3450ms=0 3500ms=0 3550ms=0 3600ms=0 3650ms=0 3700ms=0 3750ms=0 3800ms=0 3850ms=0 3900ms=0 3950ms=0 4000ms=0 4050ms=0 4100ms=0 4150ms=0 4200ms=0 4250ms=0 4300ms=0 4350ms=0 4400ms=0 4450ms=0 4500ms=0 4550ms=0 4600ms=0 4650ms=0 4700ms=0 4750ms=0 4800ms=0 4850ms=0 4900ms=0 4950ms=0
50th gpu percentile: 2ms
90th gpu percentile: 3ms
95th gpu percentile: 4ms
99th gpu percentile: 7ms
GPU HISTOGRAM: 1ms=115 2ms=103 3ms=65 4ms=22 5ms=2 6ms=1 7ms=1 8ms=1 9ms=0 10ms=1 11ms=0 12ms=0 13ms=1 14ms=0 15ms=0 16ms=0 17ms=0 18ms=0 19ms=0 20ms=0 21ms=0 22ms=0 23ms=0 24ms=0 25ms=0 4950ms=0

Pipeline=Skia (Vulkan)
Memory policy:
  Max surface area: 2592000
  Max resource usage: 124.42MB (x48)
  Background retention: 50% (altUiHidden = true)
  GPU Context timeout: 10
Contexts: 1 (stopped = 0)
CPU Caches:
  Glyph Cache: 24.65 KB (1 entry)
  Glyph Count: 1 
Total CPU memory usage:
  25243 bytes, 24.65 KB (0.00 bytes is purgeable)
GPU Caches:
  Other:
    Other: 0.00 bytes (1 entry)
  Image:
    Surface: 65.96 KB (2 entries)
  Scratch:
    Buffer Object: 64.00 KB (2 entries)
    Surface: 98.88 MB (22 entries)
Layer Info:
    VkLayer size 1080x2400
  Layers Total         10125.00 KB (numLayers = 1)
Total GPU memory usage:
  103813072 bytes, 99.00 MB (32.00 KB is purgeable)
Pipeline Cache: inactiveTextureView: 1080x2400

GraphicBufferAllocator buffers:
            Handle |         Size |     W (Stride) x H | Layers |   Format |      Usage | Requestor
0xb400007b0be38350 | 10200.00 KiB | 1080 (1088) x 2400 |      1 |        1 | 0x     300 | SurfaceTexture-0-11679-0
0xb400007b0be7ed90 | 10200.00 KiB | 1080 (1088) x 2400 |      1 |        1 | 0x     b00 | VRI[MainActivity]#0(BLAST Consumer)0
0xb400007b0be82a10 | 10200.00 KiB | 1080 (1088) x 2400 |      1 |        1 | 0x     b00 | VRI[MainActivity]#0(BLAST Consumer)0
0xb400007b0be830f0 | 10200.00 KiB | 1080 (1088) x 2400 |      1 |        1 | 0x     300 | SurfaceTexture-0-11679-0
0xb400007b0be837d0 | 10200.00 KiB | 1080 (1088) x 2400 |      1 |        1 | 0x     300 | SurfaceTexture-0-11679-0
0xb400007b0be83bf0 | 10200.00 KiB | 1080 (1088) x 2400 |      1 |        1 | 0x     b00 | VRI[MainActivity]#0(BLAST Consumer)0
0xb400007b0be84b10 | 10200.00 KiB | 1080 (1088) x 2400 |      1 |        1 | 0x     300 | SurfaceTexture-0-11679-0
0xb400007b0be84dd0 | 10200.00 KiB | 1080 (1088) x 2400 |      1 |        1 | 0x     300 | SurfaceTexture-0-11679-0
0xb400007b0be85e50 | 10200.00 KiB | 1080 (1088) x 2400 |      1 |        1 | 0x     b00 | VRI[MainActivity]#0(BLAST Consumer)0
0xb400007b0be86530 | 10200.00 KiB | 1080 (1088) x 2400 |      1 |        1 | 0x     b00 | VRI[MainActivity]#0(BLAST Consumer)0
Total allocated by GraphicBufferAllocator (estimate): 102000.00 KB
Imported gralloc buffers:
Total imported by gralloc: 0KiB

Profile data in ms:

	org.ultimatemaps.spike.maplibre/org.ultimatemaps.spike.MainActivity/android.view.ViewRootImpl@5304d77 (visibility=0)
Window: org.ultimatemaps.spike.maplibre/org.ultimatemaps.spike.MainActivity
Stats since: 36370093950293ns
Total frames rendered: 312
Janky frames: 0 (0.00%)
Janky frames (legacy): 0 (0.00%)
50th percentile: 5ms
90th percentile: 5ms
95th percentile: 5ms
99th percentile: 8ms
Number Missed Vsync: 0
Number High input latency: 0
Number Slow UI thread: 0
Number Slow bitmap uploads: 0
Number Slow issue draw commands: 0
Number Frame deadline missed: 0
Number Frame deadline missed (legacy): 0
HISTOGRAM: 5ms=305 6ms=2 7ms=1 8ms=1 9ms=0 10ms=1 11ms=0 12ms=1 13ms=0 14ms=0 15ms=1 16ms=0 17ms=0 18ms=0 19ms=0 20ms=0 21ms=0 22ms=0 23ms=0 24ms=0 25ms=0 26ms=0 27ms=0 28ms=0 29ms=0 30ms=0 31ms=0 32ms=0 34ms=0 36ms=0 38ms=0 40ms=0 42ms=0 44ms=0 46ms=0 48ms=0 53ms=0 57ms=0 61ms=0 65ms=0 69ms=0 73ms=0 77ms=0 81ms=0 85ms=0 89ms=0 93ms=0 97ms=0 101ms=0 105ms=0 109ms=0 113ms=0 117ms=0 121ms=0 125ms=0 129ms=0 133ms=0 150ms=0 200ms=0 250ms=0 300ms=0 350ms=0 400ms=0 450ms=0 500ms=0 550ms=0 600ms=0 650ms=0 700ms=0 750ms=0 800ms=0 850ms=0 900ms=0 950ms=0 1000ms=0 1050ms=0 1100ms=0 1150ms=0 1200ms=0 1250ms=0 1300ms=0 1350ms=0 1400ms=0 1450ms=0 1500ms=0 1550ms=0 1600ms=0 1650ms=0 1700ms=0 1750ms=0 1800ms=0 1850ms=0 1900ms=0 1950ms=0 2000ms=0 2050ms=0 2100ms=0 2150ms=0 2200ms=0 2250ms=0 2300ms=0 2350ms=0 2400ms=0 2450ms=0 2500ms=0 2550ms=0 2600ms=0 2650ms=0 2700ms=0 2750ms=0 2800ms=0 2850ms=0 2900ms=0 2950ms=0 3000ms=0 3050ms=0 3100ms=0 3150ms=0 3200ms=0 3250ms=0 3300ms=0 3350ms=0 3400ms=0 3450ms=0 3500ms=0 3550ms=0 3600ms=0 3650ms=0 3700ms=0 3750ms=0 3800ms=0 3850ms=0 3900ms=0 3950ms=0 4000ms=0 4050ms=0 4100ms=0 4150ms=0 4200ms=0 4250ms=0 4300ms=0 4350ms=0 4400ms=0 4450ms=0 4500ms=0 4550ms=0 4600ms=0 4650ms=0 4700ms=0 4750ms=0 4800ms=0 4850ms=0 4900ms=0 4950ms=0
50th gpu percentile: 2ms
90th gpu percentile: 3ms
95th gpu percentile: 4ms
99th gpu percentile: 7ms
GPU HISTOGRAM: 1ms=115 2ms=103 3ms=65 4ms=22 5ms=2 6ms=1 7ms=1 8ms=1 9ms=0 10ms=1 11ms=0 12ms=0 13ms=1 14ms=0 15ms=0 16ms=0 17ms=0 18ms=0 19ms=0 20ms=0 21ms=0 22ms=0 23ms=0 24ms=0 25ms=0 4950ms=0



---PROFILEDATA---
Flags,FrameTimelineVsyncId,IntendedVsync,Vsync,InputEventId,HandleInputStart,AnimationStart,PerformTraversalsStart,DrawStart,FrameDeadline,FrameStartTime,FrameInterval,WorkloadTarget,AnimationTime,AnimationCounter,SyncQueued,SyncStart,IssueDrawCommandsStart,SwapBuffers,FrameCompleted,DequeueBufferDuration,QueueBufferDuration,GpuCompleted,SwapBuffersCompleted,DisplayPresentTime,CommandSubmissionCompleted,
0,1634222,36373318093204,36373318093204,0,36373318743833,36373318747983,36373319442034,36373319653501,36373334693204,36373318731056,8340556,16600000,36373318093204,-1,36373319807391,36373320183204,36373320244199,36373320617938,36373322090512,11556,226562,36373322090512,36373320896868,36373345144996,36373320617938,
0,1634230,36373326424409,36373326424409,0,36373327157529,36373327162575,36373327737404,36373327882749,36373343024409,36373327145078,8339948,16600000,36373326424409,-1,36373328109962,36373328461281,36373328503842,36373328839332,36373330458554,9277,197794,36373330458554,36373329090268,36373353514178,36373328839332,
0,1634238,36373334755190,36373334755190,0,36373335412371,36373335417010,36373335968442,36373336181129,36373351355190,36373335400815,8339403,16600000,36373334755190,-1,36373336306007,36373337010923,36373337240862,36373338436541,36373339368914,22746,805338,36373338876645,36373339368914,36373361824236,36373338436541,
0,1634246,36373343086517,36373343086517,0,36373343565976,36373343567197,36373343803362,36373343850197,36373359686517,36373343561704,8339220,16600000,36373343086517,-1,36373343900937,36373344921526,36373345006731,36373345876849,36373347187111,21363,772299,36373347187111,36373346876645,36373370213478,36373345876849,
0,1634254,36373351427811,36373351427811,0,36373352145037,36373352148577,36373352730934,36373352880023,36373368027811,36373352133440,8338929,16600000,36373351427811,-1,36373353028297,36373354027931,36373354129697,36373355019834,36373356292498,19531,1018392,36373356171852,36373356292498,36373378491310,36373355019834,
0,1634262,36373359757989,36373359757989,0,36373360513852,36373360518735,36373361070534,36373361206439,36373376357989,36373360501686,8339106,16600000,36373359757989,-1,36373361343768,36373362141945,36373362445900,36373363694354,36373364879819,22827,1068929,36373364196551,36373364879819,36373386801531,36373363694354,
0,1634270,36373368098465,36373368098465,0,36373368754453,36373368758034,36373369258440,36373369379738,36373384698465,36373368743751,8339057,16600000,36373368098465,-1,36373369497332,36373370273699,36373370362160,36373371442116,36373372416481,18107,840495,36373371964332,36373372416481,36373395151303,36373371442116,
0,1634278,36373376435349,36373376435349,0,36373377081439,36373377085304,36373377619931,36373377750669,36373393035349,36373377071022,8339220,16600000,36373376435349,-1,36373377880958,36373378673317,36373378770892,36373379829607,36373380890602,15015,944702,36373380556007,36373380890602,36373403541033,36373379829607,
0,1634286,36373384779466,36373384779466,0,36373385822975,36373385828061,36373386361915,36373386504371,36373401379466,36373385811582,8338485,16600000,36373384779466,-1,36373386645363,36373387397641,36373387483742,36373388362444,36373390561541,23885,412394,36373390561541,36373388881121,36373411834938,36373388362444,
0,1634294,36373393107353,36373393107353,0,36373393628476,36373393631976,36373393995664,36373394103289,36373409707353,36373393620501,8337854,16600000,36373393107353,-1,36373394207212,36373394892799,36373394930031,36373395310565,36373395795591,9644,203572,36373395795591,36373395573585,36373420164894,36373395310565,
0,1634302,36373401433793,36373401433793,0,36373402043678,36373402049497,36373402490618,36373402620582,36373418033793,36373402032814,8336995,16600000,36373401433793,-1,36373402749855,36373403418190,36373403509783,36373404384661,36373406002378,23274,380290,36373406002378,36373404874570,36373428497780,36373404384661,
0,1634310,36373409758867,36373409758867,0,36373410484433,36373410487811,36373410921486,36373411048195,36373426358867,36373410474464,8336527,16600000,36373409758867,-1,36373411170672,36373411856544,36373411952125,36373413027972,36373413616391,24211,391765,36373413616391,36373413528704,36373436996966,36373413027972,
0,1634318,36373418093182,36373418093182,0,36373418841855,36373418845965,36373419307635,36373419432025,36373434693182,36373418830421,8336413,16600000,36373418093182,-1,36373419557838,36373420302671,36373420457293,36373421165626,36373422439186,24292,408081,36373422439186,36373421680722,36373445185076,36373421165626,
0,1634326,36373426427259,36373426427259,0,36373427098935,36373427103126,36373427645688,36373427768532,36373443027259,36373427088559,8336205,16600000,36373426427259,-1,36373427890846,36373428638323,36373428718971,36373429618873,36373430210223,20386,465495,36373430133644,36373430210223,36373453486346,36373429618873,
0,1634334,36373434759725,36373434759725,0,36373435870827,36373435876238,36373436737444,36373436922300,36373451359725,36373435856422,8336054,16600000,36373434759725,-1,36373437098081,36373438426287,36373438630348,36373439833595,36373441016904,36254,828247,36373440598203,36373441016904,36373461846250,36373439833595,
0,1634342,36373443092586,36373443092586,0,36373443828265,36373443832252,36373444492164,36373444632342,36373459692586,36373443816546,8338186,16600000,36373443092586,-1,36373444774554,36373445606219,36373445707822,36373447227394,36373447983498,16927,611938,36373447460996,36373447983498,36373470232155,36373447227394,
0,1634350,36373451466957,36373451466957,0,36373453041562,36373453046160,36373453804949,36373453940610,36373468066957,36373452862811,8338001,16600000,36373451466957,-1,36373454071185,36373454995135,36373455129494,36373455904315,36373457450335,22013,482137,36373457450335,36373456487811,36373478520851,36373455904315,
0,1634358,36373459800271,36373459800271,0,36373460831357,36373460834938,36373461393776,36373461537697,36373476400271,36373460821632,8336867,16600000,36373459800271,-1,36373461653541,36373462743222,36373462865984,36373463551776,36373465772397,16316,410360,36373465772397,36373464205137,36373486861102,36373463551776,
0,1634366,36373468119522,36373468119522,0,36373469267148,36373469270851,36373469745379,36373469864072,36373484719522,36373469256894,8336482,16600000,36373468119522,-1,36373469980324,36373471178647,36373471276507,36373471927427,36373474138690,13590,573039,36373474138690,36373472614316,36373495155576,36373471927427,
0,1634374,36373476449569,36373476449569,0,36373477486509,36373477490822,36373477989031,36373478291115,36373493049569,36373477473691,8337263,16600000,36373476449569,-1,36373478423398,36373479605975,36373479687599,36373480525164,36373482392148,18433,424317,36373482392148,36373481091041,36373503513079,36373480525164,
0,1634382,36373484797617,36373484797617,0,36373485480731,36373485481870,36373485730120,36373485776466,36373501397617,36373485476092,8336934,16600000,36373484797617,-1,36373485826922,36373486766212,36373486926369,36373487550840,36373489679624,15788,356933,36373489679624,36373488066627,36373511855120,36373487550840,
0,1634390,36373493128511,36373493128511,0,36373493729306,36373493732358,36373494188779,36373494308123,36373509728511,36373493719866,8336479,16600000,36373493128511,-1,36373494432879,36373495031227,36373495110613,36373495873634,36373497058978,18351,604532,36373497058978,36373496561541,36373520215838,36373495873634,
0,1634398,36373501458417,36373501458417,0,36373502562029,36373502567482,36373503220965,36373503359759,36373518058417,36373502550799,8335370,16600000,36373501458417,-1,36373503599831,36373504490862,36373504598773,36373505540749,36373506133929,23600,450643,36373506133929,36373506124407,36373528518613,36373505540749,
0,1634406,36373509776904,36373509776904,0,36373510982033,36373510986997,36373512269142,36373512412697,36373526376904,36373510969826,8334874,16600000,36373509776904,-1,36373512554217,36373513733213,36373513882220,36373515035133,36373516233253,17985,449585,36373516233253,36373515639503,36373536847471,36373515035133,
0,1634414,36373518104526,36373518104526,0,36373519985573,36373519992653,36373519996681,36373520466041,36373534704526,36373519967506,8334376,16600000,36373518104526,-1,36373520688250,36373522101011,36373522641863,36373524163836,36373525030291,30273,650920,36373524921689,36373525030291,36373545189186,36373524163836,
0,1634422,36373526432812,36373526432812,0,36373526912493,36373526914202,36373526915260,36373526964007,36373543032812,36373526907163,8334770,16600000,36373526432812,-1,36373527024350,36373528151181,36373528249611,36373529013934,36373530470965,15625,464071,36373530470965,36373529595273,36373553503354,36373529013934,
0,1634430,36373534773608,36373534773608,0,36373535826637,36373535832293,36373535836077,36373536085630,36373551373608,36373535812518,8334307,16600000,36373534773608,-1,36373536274228,36373537639463,36373537894264,36373539421811,36373540369199,24861,677897,36373539782611,36373540369199,36373561871681,36373539421811,
0,1634438,36373543101613,36373543101613,0,36373543855812,36373543860980,36373543864845,36373544113136,36373559701613,36373543842669,8334622,16600000,36373543101613,-1,36373544277890,36373544857562,36373544944232,36373545682228,36373547764585,17741,498332,36373547764585,36373546292010,36373570205218,36373545682228,
0,1634446,36373551437880,36373551437880,0,36373552086728,36373552090635,36373552093239,36373552224220,36373568037880,36373552073667,8334229,16600000,36373551437880,-1,36373552358375,36373553186907,36373553306129,36373554604144,36373556352109,17944,1558025,36373555418719,36373556352109,36373578517392,36373554604144,
0,1634454,36373559767076,36373559767076,0,36373560588641,36373560590024,36373560591042,36373560658017,36373576367076,36373560581357,8333151,16600000,36373559767076,-1,36373560725929,36373562397072,36373562536883,36373564344622,36373565231097,104654,733154,36373564500506,36373565231097,36373586853330,36373564344622,
0,1634462,36373568086536,36373568086536,0,36373568733050,36373568736712,36373568739479,36373568888161,36373584686536,36373568720355,8332779,16600000,36373568086536,-1,36373569043800,36373570001238,36373570294004,36373571787575,36373572765724,24007,838420,36373572584572,36373572765724,36373595173113,36373571787575,
0,1634470,36373576417161,36373576417161,0,36373577028460,36373577033017,36373577036557,36373577158099,36373593017161,36373577016863,8333220,16600000,36373576417161,-1,36373577283791,36373577948545,36373578025490,36373578992490,36373581138852,17944,527588,36373581138852,36373579624163,36373603521299,36373578992490,
0,1634478,36373584756764,36373584756764,0,36373585694028,36373585698830,36373585701881,36373585830340,36373601356764,36373585681658,8332739,16600000,36373584756764,-1,36373585960670,36373586644508,36373586740211,36373587618955,36373588244525,21525,510782,36373588182798,36373588244525,36373611845314,36373587618955,
0,1634486,36373593083913,36373593083913,0,36373593862567,36373593865862,36373593868507,36373593986061,36373609683913,36373593852598,8332219,16600000,36373593083913,-1,36373594102760,36373594678525,36373594762672,36373595664243,36373596276873,16805,442627,36373596276873,36373596206195,36373620181943,36373595664243,
0,1634494,36373601410795,36373601410795,0,36373601984352,36373601988950,36373601992002,36373602124774,36373618010795,36373601972023,8331466,16600000,36373601410795,-1,36373602272723,36373603008522,36373603102801,36373604133156,36373606087257,19816,381063,36373606087257,36373604613747,36373628527524,36373604133156,
0,1634502,36373609733642,36373609733642,0,36373610371518,36373610376564,36373610380796,36373610527890,36373626333642,36373610357602,8333530,16600000,36373609733642,-1,36373610857521,36373611755389,36373611851214,36373612742083,36373613794858,22095,466675,36373613794858,36373613325661,36373636885272,36373612742083,
0,1634510,36373618089787,36373618089787,0,36373619261859,36373619266009,36373619269305,36373619405495,36373634689787,36373619249489,8333382,16600000,36373618089787,-1,36373619660500,36373621072975,36373621198097,36373622375221,36373624435036,21525,512614,36373624435036,36373623121356,36373645214617,36373622375221,
0,1634518,36373626420653,36373626420653,0,36373627401426,36373627405291,36373627408221,36373627530779,36373643020653,36373627390114,8332785,16600000,36373626420653,-1,36373627646217,36373628262428,36373628582578,36373629623756,36373630534767,16276,774495,36373630105039,36373630534767,36373653559263,36373629623756,
0,1634526,36373634746777,36373634746777,0,36373635465675,36373635469663,36373635473203,36373635589780,36373651346777,36373635454730,8332739,16600000,36373634746777,-1,36373635711973,36373636719378,36373636975563,36373638229266,36373639394427,22664,1013469,36373638865863,36373639394427,36373661885068,36373638229266,
0,1634534,36373643080173,36373643080173,0,36373643837257,36373643841448,36373643844744,36373644211891,36373659680173,36373643826312,8333849,16600000,36373643080173,-1,36373644345355,36373646157000,36373646344541,36373648601295,36373649927549,34221,1118490,36373649166522,36373649927549,36373670222308,36373648601295,
0,1634542,36373651428924,36373651428924,0,36373652941587,36373652946877,36373652950661,36373653115863,36373668028924,36373652928118,8334218,16600000,36373651428924,-1,36373653284645,36373655172137,36373655257301,36373656478493,36373657538063,16277,756673,36373657538063,36373657375954,36373678527972,36373656478493,
0,1634550,36373659768963,36373659768963,0,36373660929502,36373660934141,36373660937192,36373661212624,36373676368963,36373660919248,8334818,16600000,36373659768963,-1,36373661386411,36373662276344,36373662407895,36373663493141,36373664277443,17985,603841,36373663838926,36373664277443,36373686869809,36373663493141,
0,1634559,36373709785409,36373709785409,0,36373710594704,36373710600156,36373710603086,36373710772723,36373726385409,36373710581235,8334674,16600000,36373709785409,-1,36373710945778,36373711477557,36373711538226,36373712174090,36373712765358,20345,328247,36373712765358,36373712601621,36373736886492,36373712174090,
0,1634567,36373718120083,36373718120083,0,36373718732480,36373718736020,36373718739357,36373718874692,36373734720083,36373718719053,8334674,16600000,36373718120083,-1,36373719017637,36373719551572,36373719581398,36373719949237,36373722167783,8504,267415,36373722167783,36373720264097,36373745228940,36373719949237,
0,1634575,36373726454757,36373726454757,0,36373727096250,36373727099749,36373727102435,36373727199155,36373743054757,36373727087705,8334674,16600000,36373726454757,-1,36373727300067,36373727935280,36373728068296,36373729288267,36373729750994,17334,251546,36373729750994,36373729594093,36373753585671,36373729288267,
0,1634583,36373734789431,36373734789431,0,36373735428525,36373735432961,36373735435727,36373735681658,36373751389431,36373735419411,8335071,16600000,36373734789431,-1,36373735797666,36373736323911,36373736427793,36373736910540,36373737365781,15056,302246,36373737365781,36373737288022,36373761880430,36373736910540,
0,1634591,36373743129872,36373743129872,0,36373743568133,36373743569150,36373743569964,36373743614723,36373759729872,36373743563779,8335098,16600000,36373743129872,-1,36373743664202,36373744463844,36373744552060,36373745374530,36373747321877,20305,440104,36373747321877,36373745933083,36373770256650,36373745374530,
0,1634599,36373751466319,36373751466319,0,36373752181048,36373752184914,36373752188087,36373752290993,36373768066319,36373752171405,8335265,16600000,36373751466319,-1,36373752393125,36373753145200,36373753227476,36373753915138,36373755421893,17823,371826,36373755421893,36373754393206,36373778587461,36373753915138,
0,1634607,36373759805681,36373759805681,0,36373760502419,36373760506162,36373760509580,36373760610166,36373776405681,36373760492490,8335472,16600000,36373759805681,-1,36373760717425,36373761323097,36373761421567,36373762067441,36373763791888,19409,410726,36373763791888,36373762590879,36373786974668,36373762067441,
0,1634615,36373768147924,36373768147924,0,36373769124936,36373769130185,36373769134010,36373769302305,36373784747924,36373769110654,8335420,16600000,36373768147924,-1,36373769482277,36373770068377,36373770127500,36373770640155,36373772512306,14933,312581,36373772512306,36373771037738,36373795245338,36373770640155,
0,1634624,36373793167597,36373793167597,0,36373794322324,36373794332130,36373794337949,36373794585548,36373809767597,36373794299578,8336774,16600000,36373793167597,-1,36373794845233,36373795892270,36373796144671,36373797056781,36373797776955,29948,545207,36373797514259,36373797776955,36373820233701,36373797056781,
0,1634640,36373851526867,36373851526867,0,36373852637266,36373852646299,36373852652280,36373852934141,36373868126867,36373852615212,8336497,16600000,36373851526867,-1,36373853195005,36373854799131,36373854975889,36373857387754,36373858705177,34871,1152588,36373858361224,36373858705177,36373878608131,36373857387754,
0,1634649,36373876522319,36373876522319,0,36373877336281,36373877341489,36373877347023,36373877503639,36373893122319,36373877321388,8335736,16600000,36373876522319,-1,36373877670631,36373878463804,36373878635760,36373879730446,36373880520322,26082,651856,36373880392026,36373880520322,36373903615496,36373879730446,
0,1634657,36373884858055,36373884858055,0,36373885744891,36373885749937,36373885755470,36373885900693,36373901458055,36373885731748,8335736,16600000,36373884858055,-1,36373886052874,36373886497170,36373886535947,36373886871356,36373888888893,7120,258708,36373888888893,36373887176694,36373911910174,36373886871356,
0,1634673,36374560049039,36374560049039,-12885990,36374560869606,36374560873513,36374560875669,36374561013243,36374576649039,36374560858742,8335740,16600000,36374560049039,-1,36374561161599,36374561891986,36374561980202,36374562555072,36374564171039,20508,340210,36374564171039,36374562982725,36374587272520,36374562555072,
0,1634682,36374576763332,36374576763332,0,36374577040383,36374577041929,36374577042702,36374577113503,36374593363332,36374577032326,8333333,16600000,36374576763332,-1,36374577193418,36374577751564,36374577803485,36374578310321,36374579511696,11352,332560,36374579511696,36374578700946,36374603982684,36374578310321,
0,1634691,36374593429998,36374593429998,-854845808,36374594936786,36374594938780,36374594940448,36374595025531,36374610029998,36374594929502,8333333,16600000,36374593429998,-1,36374595103819,36374595642027,36374595699644,36374596275653,36374597430967,15747,581339,36374597430967,36374596924091,36374620575783,36374596275653,
0,1634714,36374618429997,36374618429997,-842950823,36374619211037,36374619214130,36374619809792,36374620091408,36374635029997,36374619203103,8323171,16600000,36374618429997,-1,36374620303973,36374621014504,36374621118020,36374621898252,36374631520323,23193,522908,36374631520323,36374622561338,36374645629250,36374621898252,
0,1634722,36374626718949,36374626718949,0,36374627667702,36374627671120,36374628230202,36374628401996,36374643318949,36374627659890,8323171,16600000,36374626718949,-1,36374628560769,36374629261493,36374629441262,36374630318418,36374634617531,22177,570760,36374634617531,36374630990253,36374653947487,36374630318418,
0,1634730,36374635042120,36374635042120,0,36374635813536,36374635815407,36374636371722,36374636467548,36374651642120,36374635803973,8323171,16600000,36374635042120,-1,36374636558856,36374641495420,36374641630511,36374643507994,36374644519265,30151,882771,36374644464984,36374644519265,36374662247902,36374643507994,
0,1634738,36374643365291,36374643365291,0,36374644451841,36374644456521,36374645384743,36374645509703,36374659965291,36374644438413,8323171,16600000,36374643365291,-1,36374645621600,36374646118671,36374646166888,36374646629738,36374647886900,8219,282186,36374647886900,36374646979958,36374670655170,36374646629738,
0,1634746,36374651688462,36374651688462,0,36374652345152,36374652346739,36374652718158,36374652781228,36374668288462,36374652340920,8337014,16600000,36374651688462,-1,36374652836566,36374653419696,36374653469134,36374653903583,36374656328916,10905,330282,36374656328916,36374654309467,36374678950254,36374653903583,
0,1634754,36374660181805,36374660181805,0,36374660735533,36374660736591,36374660926939,36374660967954,36374676781805,36374660732318,8338177,16600000,36374660181805,-1,36374661004942,36374661349750,36374661392271,36374662010109,36374664399025,8870,225138,36374664399025,36374662292621,36374687304746,36374662010109,
0,1634762,36374668528870,36374668528870,0,36374669345152,36374669347593,36374669729307,36374669808490,36374685128870,36374669338479,8336892,16600000,36374668528870,-1,36374669887998,36374670477232,36374670549782,36374671017718,36374672929909,12898,311401,36374672929909,36374671406309,36374695646543,36374671017718,
0,1634770,36374676849771,36374676849771,0,36374677663430,36374677665098,36374678018329,36374678084125,36374693449771,36374677659035,8338787,16600000,36374676849771,-1,36374678141498,36374678603005,36374678686176,36374679092385,36374681744159,12329,264608,36374681744159,36374679426857,36374703941994,36374679092385,
0,1634778,36374685213374,36374685213374,0,36374685966083,36374685968077,36374686383726,36374686452329,36374701813374,36374685959165,8338551,16600000,36374685213374,-1,36374686510191,36374687058246,36374687101174,36374687537006,36374689749489,10946,268676,36374689749489,36374687882627,36374712259418,36374687537006,
0,1634786,36374693553996,36374693553996,0,36374694499571,36374694502460,36374694876239,36374694943703,36374710153996,36374694490131,8338809,16600000,36374693553996,-1,36374694997129,36374695695575,36374695752012,36374696265643,36374699023863,12858,276693,36374699023863,36374696616229,36374720603534,36374696265643,
0,1634794,36374701891192,36374701891192,0,36374702660704,36374702662290,36374703031960,36374703104185,36374718491192,36374702655048,8339041,16600000,36374701891192,-1,36374703152972,36374703789528,36374703848610,36374704400368,36374706255674,13428,299764,36374706255674,36374704780373,36374728926451,36374704400368,
0,1634802,36374710236896,36374710236896,0,36374710754006,36374710755634,36374711042133,36374711087339,36374726836896,36374710749449,8338354,16600000,36374710236896,-1,36374711130471,36374711537657,36374711571633,36374711867816,36374712874571,8097,249389,36374712874571,36374712174172,36374737314716,36374711867816,
0,1634810,36374718563791,36374718563791,0,36374719285948,36374719288593,36374719660175,36374719725197,36374735163791,36374719279763,8337514,16600000,36374718563791,-1,36374719773130,36374720430031,36374720485655,36374720902362,36374723274148,11434,276571,36374723274148,36374721253314,36374745572162,36374720902362,
0,1634818,36374726885435,36374726885435,0,36374727582253,36374727583881,36374727954608,36374728088885,36374743485435,36374727575743,8337018,16600000,36374726885435,-1,36374728160459,36374728680031,36374728730487,36374729129576,36374731350848,11963,264038,36374731350848,36374729463804,36374753972024,36374729129576,
0,1634826,36374735214202,36374735214202,0,36374736153054,36374736155007,36374736543150,36374736609597,36374751814202,36374736147764,8336457,16600000,36374735214202,-1,36374736663796,36374737496275,36374737551044,36374737986957,36374740291970,13062,278971,36374740291970,36374738344948,36374762264992,36374737986957,
0,1634834,36374743542469,36374743542469,0,36374744399351,36374744401548,36374744900002,36374744955585,36374760142469,36374744392271,8336709,16600000,36374743542469,-1,36374745007139,36374745518370,36374745566547,36374745965594,36374747771462,10376,243774,36374747771462,36374746275328,36374770596210,36374745965594,
0,1634842,36374751882195,36374751882195,0,36374753143247,36374753145079,36374753540993,36374753611469,36374768482195,36374753138161,8335961,16600000,36374751882195,-1,36374753664122,36374754323179,36374754377460,36374754835874,36374756595884,16195,289754,36374756595884,36374755206114,36374778939471,36374754835874,
0,1634850,36374760209663,36374760209663,0,36374761162779,36374761164691,36374761496763,36374761555357,36374776809663,36374761155292,8336086,16600000,36374760209663,-1,36374761607318,36374762232440,36374762285459,36374762814105,36374763874205,15707,314046,36374763874205,36374763215025,36374787324766,36374762814105,
0,1634858,36374768542857,36374768542857,0,36374769264260,36374769265236,36374769523985,36374769575905,36374785142857,36374769261167,8335182,16600000,36374768542857,-1,36374769611346,36374770051695,36374770099465,36374770443581,36374771382668,8342,210857,36374771382668,36374770715066,36374795762592,36374770443581,
0,1634866,36374776865408,36374776865408,0,36374777637185,36374777639667,36374778156879,36374778245298,36374793465408,36374777630511,8336846,16600000,36374776865408,-1,36374778300026,36374778716978,36374778758523,36374779082009,36374780141986,8870,218099,36374780141986,36374779359800,36374804091083,36374779082009,
0,1634874,36374785217467,36374785217467,0,36374786103046,36374786104795,36374786471088,36374786540627,36374801817467,36374786096942,8335652,16600000,36374785217467,-1,36374786608457,36374787237160,36374787285907,36374787714659,36374788859149,9237,411947,36374788859149,36374788206683,36374812324725,36374787714659,
0,1634882,36374793537614,36374793537614,0,36374794036395,36374794037657,36374794284198,36374794330015,36374810137614,36374794032815,8334967,16600000,36374793537614,-1,36374794365171,36374794775124,36374794813210,36374795150124,36374796308897,8545,225952,36374796308897,36374795438820,36374820660948,36374795150124,
0,1634890,36374801867766,36374801867766,0,36374802563007,36374802564227,36374802785581,36374802831399,36374818467766,36374802559548,8336003,16600000,36374801867766,-1,36374802868630,36374803186379,36374803220803,36374803517556,36374804937600,7527,209920,36374804937600,36374803791848,36374829062071,36374803517556,
0,1634898,36374810226678,36374810226678,0,36374811133807,36374811136208,36374811538674,36374811599628,36374826826678,36374811127338,8336952,16600000,36374810226678,-1,36374811651955,36374812265399,36374812339089,36374812784646,36374814047666,14364,297689,36374814047666,36374813168353,36374837348326,36374812784646,
0,1634906,36374818583342,36374818583342,0,36374819277484,36374819279356,36374819654763,36374819723326,36374835183342,36374819272276,8337314,16600000,36374818583342,-1,36374819776304,36374820376361,36374820430886,36374820997780,36374821940529,11556,319132,36374821940529,36374821401101,36374845653095,36374820997780,
0,1634921,36374826923365,36374826923365,0,36374827757180,36374827759011,36374828249530,36374828333108,36374843523365,36374827749571,8337437,16600000,36374826923365,-1,36374828408628,36374829082375,36374829210468,36374829715920,36374830230935,14242,302165,36374830230935,36374830106342,36374853972512,36374829715920,
0,1634929,36374835260822,36374835260822,0,36374836123350,36374836138975,36374836515074,36374836580219,36374851860822,36374836113340,8337937,16600000,36374835260822,-1,36374836630674,36374837150572,36374837211566,36374837747536,36374839166278,10864,299642,36374839166278,36374838137144,36374862331399,36374837747536,
0,1634937,36374843608780,36374843608780,0,36374844388650,36374844389870,36374844892841,36374844987445,36374860208780,36374844383441,8338711,16600000,36374843608780,-1,36374845050922,36374845481016,36374845539651,36374845949563,36374848235777,12044,282674,36374848235777,36374846305276,36374870648497,36374845949563,
0,1634945,36374851954661,36374851954661,0,36374852841286,36374852843036,36374853232074,36374853298073,36374868554661,36374852836281,8338433,16600000,36374851954661,-1,36374853362974,36374853857888,36374853905699,36374854260476,36374857400450,9481,220256,36374857400450,36374854542662,36374878974302,36374854260476,
0,1634953,36374860285772,36374860285772,0,36374860900083,36374860901955,36374861153339,36374861198830,36374876885772,36374860895160,8338236,16600000,36374860285772,-1,36374861235451,36374861637225,36374861685809,36374862051735,36374863152972,10987,243489,36374863152972,36374862378233,36374887311583,36374862051735,
0,1634961,36374868616303,36374868616303,0,36374869492572,36374869494647,36374869829812,36374869896950,36374885216303,36374869487323,8338535,16600000,36374868616303,-1,36374869944761,36374870603982,36374870756366,36374871391986,36374871905251,26815,314860,36374871905251,36374871804787,36374895656228,36374871391986,
0,1634969,36374876954882,36374876954882,0,36374877654722,36374877656431,36374877976418,36374878046161,36374893554882,36374877650368,8337978,16600000,36374876954882,-1,36374878095477,36374878563332,36374878615009,36374879034198,36374881909320,13631,271565,36374881909320,36374879377378,36374904001849,36374879034198,
0,1634977,36374885282130,36374885282130,0,36374885753965,36374885755430,36374886107725,36374886182636,36374901882130,36374885749123,8337002,16600000,36374885282130,-1,36374886249042,36374886832253,36374886876565,36374887241880,36374888382180,9806,257243,36374888382180,36374887572121,36374912359760,36374887241880,
0,1634985,36374893603722,36374893603722,0,36374894503558,36374894505756,36374894747780,36374894795958,36374910203722,36374894497414,8336179,16600000,36374893603722,-1,36374894837177,36374895308490,36374895360533,36374895888975,36374896467914,12004,364299,36374896467914,36374896327208,36374920667906,36374895888975,
0,1634993,36374901927192,36374901927192,0,36374902863869,36374902865253,36374903212217,36374903276060,36374918527192,36374902857684,8335292,16600000,36374901927192,-1,36374903333392,36374903825295,36374903868874,36374904331032,36374905572528,11271,275798,36374905572528,36374904683571,36374928982440,36374904331032,
0,1635001,36374910250819,36374910250819,0,36374911459003,36374911465269,36374911468361,36374911746926,36374926850819,36374911446836,8335353,16600000,36374910250819,-1,36374911921324,36374913573016,36374913734841,36374915082579,36374916144753,29338,807617,36374915796975,36374916144753,36374937461729,36374915082579,
0,1635009,36374918586060,36374918586060,0,36374919339821,36374919343036,36374919345640,36374919468402,36374935186060,36374919331114,8334536,16600000,36374918586060,-1,36374919581683,36374920322487,36374920374449,36374920843850,36374921780333,11760,330444,36374921780333,36374921258889,36374945657733,36374920843850,
0,1635017,36374926913593,36374926913593,0,36374927886737,36374927889504,36374927891905,36374927989358,36374943513593,36374927879779,8334227,16600000,36374926913593,-1,36374928150897,36374928600442,36374928643451,36374928995136,36374929669981,7853,214843,36374929669981,36374929272846,36374954000425,36374928995136,
0,1635025,36374935243907,36374935243907,0,36374936207823,36374936211241,36374936213560,36374936327208,36374951843907,36374936199319,8332969,16600000,36374935243907,-1,36374936442238,36374938498228,36374938621438,36374940606586,36374941459288,29093,569458,36374940767108,36374941459288,36374962371723,36374940606586,
0,1635033,36374943561539,36374943561539,0,36374944912372,36374944916237,36374944920022,36374945059996,36374960161539,36374944901996,8333686,16600000,36374943561539,-1,36374945195982,36374945626483,36374945674416,36374945982196,36374946939105,8667,193400,36374946939105,36374946229307,36374970678404,36374945982196,
0,1635041,36374951915211,36374951915211,0,36374952479673,36374952480691,36374952481626,36374952523090,36374968515211,36374952475971,8332299,16600000,36374951915211,-1,36374952567279,36374953026019,36374953059060,36374953362364,36374955377378,9115,203980,36374955377378,36374953617328,36374979006163,36374953362364,
0,1635049,36374960231013,36374960231013,0,36374960927468,36374960928933,36374960929950,36374960993752,36374976831013,36374960921487,8331789,16600000,36374960231013,-1,36374961056049,36374961716815,36374961776467,36374962262348,36374964144265,15218,274903,36374964144265,36374962625832,36374987358824,36374962262348,
0,1635057,36374968557401,36374968557401,0,36374969206968,36374969208474,36374969209654,36374969262144,36374985157401,36374969203184,8333457,16600000,36374968557401,-1,36374969307514,36374969685687,36374969719623,36374970026996,36374972070127,8138,221070,36374972070127,36374970305031,36374995692157,36374970026996,
0,1635065,36374976912043,36374976912043,0,36374977491351,36374977492613,36374977493467,36374977541644,36374993512043,36374977487364,8334755,16600000,36374976912043,-1,36374977594419,36374978047178,36374978082253,36374978422707,36374979112974,8505,208537,36374979112974,36374978699359,36375003995380,36374978422707,
0,1635073,36374985260230,36374985260230,0,36374985880512,36374985882790,36374985884092,36374985941628,36375001860230,36374985876158,8334518,16600000,36374985260230,-1,36374986000181,36374986603860,36374986657815,36374987103046,36374989196674,12736,285645,36374989196674,36374987481667,36375012339984,36374987103046,
0,1635081,36374993590865,36374993590865,0,36374994248025,36374994249815,36374994250832,36374994310199,36375010190865,36374994241229,8334580,16600000,36374993590865,-1,36374994362689,36374994924823,36374994985126,36374995668801,36374996143126,12126,283651,36374996143126,36374996096942,36375020679869,36374995668801,
0,1635089,36375001926658,36375001926658,0,36375002604795,36375002609760,36375002612730,36375002910419,36375018526658,36375002594135,8335666,16600000,36375001926658,-1,36375003184385,36375003615253,36375003651182,36375003978941,36375005115212,8789,271037,36375005115212,36375004306903,36375029008034,36375003978941,
0,1635097,36375010273909,36375010273909,0,36375010955951,36375010959857,36375010962502,36375011374937,36375026873909,36375010947447,8335634,16600000,36375010273909,-1,36375011486469,36375012596535,36375012717670,36375013571836,36375015543720,20752,424804,36375015543720,36375014124408,36375037337868,36375013571836,
0,1635105,36375018605798,36375018605798,0,36375019163389,36375019166929,36375019169167,36375019268980,36375035205798,36375019155821,8335341,16600000,36375018605798,-1,36375019590717,36375020288349,36375020379901,36375021018614,36375023140888,13998,386352,36375023140888,36375021506814,36375045715310,36375021018614,
0,1635113,36375026935894,36375026935894,0,36375027990131,36375027994240,36375027996845,36375028170144,36375043535894,36375027980324,8334892,16600000,36375026935894,-1,36375028275816,36375029161721,36375029363707,36375030269265,36375031094297,20142,694539,36375030682310,36375031094297,36375054011900,36375030269265,
0,1635121,36375035264751,36375035264751,0,36375036552671,36375036556578,36375036558978,36375036785378,36375051864751,36375036543720,8334711,16600000,36375035264751,-1,36375036891823,36375037651345,36375037767759,36375038460427,36375039033181,20182,468669,36375038993427,36375039033181,36375062394184,36375038460427,
0,1635129,36375043595959,36375043595959,0,36375044406431,36375044408262,36375044410500,36375044472878,36375060195959,36375044399270,8334209,16600000,36375043595959,-1,36375044543475,36375045438617,36375045594338,36375046635720,36375048611998,27100,509237,36375048611998,36375047293069,36375070732237,36375046635720,
0,1635137,36375051923149,36375051923149,0,36375053012917,36375053017434,36375053019875,36375053129535,36375068523149,36375053004047,8334183,16600000,36375051923149,-1,36375053236184,36375054031879,36375054230162,36375055119363,36375055608010,20345,359782,36375055539569,36375055608010,36375079011697,36375055119363,
0,1635145,36375060259822,36375060259822,0,36375060702370,36375060703347,36375060704323,36375060742938,36375076859822,36375060698383,8333584,16600000,36375060259822,-1,36375060785134,36375061365904,36375061436298,36375062049660,36375062628925,12370,343547,36375062628925,36375062479592,36375087361509,36375062049660,
0,1635154,36375076926356,36375076926356,0,36375077450254,36375077454039,36375077457172,36375077562152,36375093526356,36375077441425,8334194,16600000,36375076926356,-1,36375077666929,36375078211973,36375078289935,36375078890277,36375081068785,16886,331258,36375081068785,36375079334247,36375104045347,36375078890277,
0,1635163,36375093599619,36375093599619,0,36375094879861,36375094883970,36375094887063,36375095022927,36375110199619,36375094868467,8334098,16600000,36375093599619,-1,36375095165668,36375095935158,36375096108295,36375096961322,36375098146299,22624,514201,36375098146299,36375097623838,36375120747007,36375096961322,
0,1635171,36375101933717,36375101933717,0,36375102906431,36375102912291,36375102916848,36375103072162,36375118533717,36375102892963,8333863,16600000,36375101933717,-1,36375103322732,36375103866596,36375103924905,36375104454039,36375106698505,10295,259074,36375106698505,36375104777118,36375129056334,36375104454039,
0,1635179,36375110264755,36375110264755,0,36375111192727,36375111197406,36375111199970,36375111320860,36375126864755,36375111180967,8333863,16600000,36375110264755,-1,36375111441059,36375112172911,36375112297504,36375113006692,36375115342914,18473,422648,36375115342914,36375113552997,36373295133644,36375113006692,
0,1635187,36375118598618,36375118598618,0,36375119636330,36375119641132,36375119644184,36375119807107,36375135198618,36375119623920,8333557,16600000,36375118598618,-1,36375119972471,36375121153664,36375121299294,36375122337055,36375123196796,24577,663615,36375122861713,36375123196796,36373303497698,36375122337055,
0,1635195,36375126930036,36375126930036,0,36375127558205,36375127562356,36375127565367,36375127918923,36375143530036,36375127548969,8335890,16600000,36375126930036,-1,36375128276101,36375128831887,36375128922138,36375129759947,36375131568703,16560,379395,36375131568703,36375130360492,36373311807553,36375129759947,
0,1635204,36375143637428,36375143637428,0,36375144540261,36375144541848,36375144542743,36375144596942,36375160237428,36375144535256,8335968,16600000,36375143637428,-1,36375144655740,36375145416807,36375145493630,36375146132831,36375146815204,18839,461833,36375146815204,36375146706643,36373320131040,36375146132831,
0,1635213,36375160305474,36375160305474,0,36375161010801,36375161014708,36375161017637,36375161131773,36375176905474,36375161000019,8335940,16600000,36375160305474,-1,36375161250670,36375161687315,36375161749490,36375162417133,36375163259662,14689,646118,36375163081521,36375163259662,36373328464210,36375162417133,
0,1635222,36375260360545,36375260360545,0,36375261594013,36375261605854,36375261610899,36375261905618,36375276960545,36375261569599,8336776,16600000,36375260360545,-1,36375262209491,36375263295551,36375263417865,36375264469053,36375265137755,26408,493856,36375265137755,36375265091002,36373336816790,36375264469053,
---PROFILEDATA---


View hierarchy:

  org.ultimatemaps.spike.maplibre/org.ultimatemaps.spike.MainActivity/android.view.ViewRootImpl@5304d77
  10 views, 17,26 kB of render nodes


Total ViewRootImpl   : 1
Total attached Views : 10
Total RenderNode     : 17,26 kB (used) / 52,80 kB (capacity)

