Applications Graphics Acceleration Info:
Uptime: 36328209 Realtime: 36328209

** Graphics info for pid 11185 [org.ultimatemaps.spike.maplibre] **

Stats since: 36321187551669ns
Total frames rendered: 695
Janky frames: 0 (0.00%)
Janky frames (legacy): 0 (0.00%)
50th percentile: 5ms
90th percentile: 6ms
95th percentile: 7ms
99th percentile: 9ms
Number Missed Vsync: 0
Number High input latency: 0
Number Slow UI thread: 0
Number Slow bitmap uploads: 0
Number Slow issue draw commands: 0
Number Frame deadline missed: 0
Number Frame deadline missed (legacy): 0
HISTOGRAM: 5ms=555 6ms=85 7ms=38 8ms=6 9ms=5 10ms=3 11ms=1 12ms=2 13ms=0 14ms=0 15ms=0 16ms=0 17ms=0 18ms=0 19ms=0 20ms=0 21ms=0 22ms=0 23ms=0 24ms=0 25ms=0 26ms=0 27ms=0 28ms=0 29ms=0 30ms=0 31ms=0 32ms=0 34ms=0 36ms=0 38ms=0 40ms=0 42ms=0 44ms=0 46ms=0 48ms=0 53ms=0 57ms=0 61ms=0 65ms=0 69ms=0 73ms=0 77ms=0 81ms=0 85ms=0 89ms=0 93ms=0 97ms=0 101ms=0 105ms=0 109ms=0 113ms=0 117ms=0 121ms=0 125ms=0 129ms=0 133ms=0 150ms=0 200ms=0 250ms=0 300ms=0 350ms=0 400ms=0 450ms=0 500ms=0 550ms=0 600ms=0 650ms=0 700ms=0 750ms=0 800ms=0 850ms=0 900ms=0 950ms=0 1000ms=0 1050ms=0 1100ms=0 1150ms=0 1200ms=0 1250ms=0 1300ms=0 1350ms=0 1400ms=0 1450ms=0 1500ms=0 1550ms=0 1600ms=0 1650ms=0 1700ms=0 1750ms=0 1800ms=0 1850ms=0 1900ms=0 1950ms=0 2000ms=0 2050ms=0 2100ms=0 2150ms=0 2200ms=0 2250ms=0 2300ms=0 2350ms=0 2400ms=0 2450ms=0 2500ms=0 2550ms=0 2600ms=0 2650ms=0 2700ms=0 2750ms=0 2800ms=0 2850ms=0 2900ms=0 2950ms=0 3000ms=0 3050ms=0 3100ms=0 3150ms=0 3200ms=0 3250ms=0 3300ms=0 3350ms=0 3400ms=0 3450ms=0 3500ms=0 3550ms=0 3600ms=0 3650ms=0 3700ms=0 3750ms=0 3800ms=0 3850ms=0 3900ms=0 3950ms=0 4000ms=0 4050ms=0 4100ms=0 4150ms=0 4200ms=0 4250ms=0 4300ms=0 4350ms=0 4400ms=0 4450ms=0 4500ms=0 4550ms=0 4600ms=0 4650ms=0 4700ms=0 4750ms=0 4800ms=0 4850ms=0 4900ms=0 4950ms=0
50th gpu percentile: 2ms
90th gpu percentile: 4ms
95th gpu percentile: 4ms
99th gpu percentile: 7ms
GPU HISTOGRAM: 1ms=239 2ms=232 3ms=112 4ms=78 5ms=18 6ms=6 7ms=5 8ms=3 9ms=2 10ms=0 11ms=0 12ms=0 13ms=0 14ms=0 15ms=0 16ms=0 17ms=0 18ms=0 19ms=0 20ms=0 21ms=0 22ms=0 23ms=0 24ms=0 25ms=0 4950ms=0

Pipeline=Skia (Vulkan)
Memory policy:
  Max surface area: 2592000
  Max resource usage: 124.42MB (x48)
  Background retention: 50% (altUiHidden = true)
  GPU Context timeout: 10
Contexts: 1 (stopped = 0)
CPU Caches:
  Glyph Cache: 0.00 bytes (1 entry)
  Glyph Count: 0 
Total CPU memory usage:
  0 bytes, 0.00 bytes (0.00 bytes is purgeable)
GPU Caches:
  Other:
    Other: 0.00 bytes (1 entry)
  Image:
    Surface: 65.96 KB (2 entries)
  Scratch:
    Buffer Object: 64.00 KB (2 entries)
    Surface: 98.88 MB (22 entries)
Layer Info:
    VkLayer size 1080x2400
  Layers Total         10125.00 KB (numLayers = 1)
Total GPU memory usage:
  103813072 bytes, 99.00 MB (32.00 KB is purgeable)
Pipeline Cache: inactiveTextureView: 1080x2400

GraphicBufferAllocator buffers:
            Handle |         Size |     W (Stride) x H | Layers |   Format |      Usage | Requestor
0xb400007b0be7c2f0 | 10200.00 KiB | 1080 (1088) x 2400 |      1 |        1 | 0x     300 | SurfaceTexture-0-11185-0
0xb400007b0be7c5b0 | 10200.00 KiB | 1080 (1088) x 2400 |      1 |        1 | 0x     b00 | VRI[MainActivity]#0(BLAST Consumer)0
0xb400007b0be7c870 | 10200.00 KiB | 1080 (1088) x 2400 |      1 |        1 | 0x     300 | SurfaceTexture-0-11185-0
0xb400007b0be7d0b0 | 10200.00 KiB | 1080 (1088) x 2400 |      1 |        1 | 0x     300 | SurfaceTexture-0-11185-0
0xb400007b0be7dbb0 | 10200.00 KiB | 1080 (1088) x 2400 |      1 |        1 | 0x     b00 | VRI[MainActivity]#0(BLAST Consumer)0
0xb400007b0be7e3f0 | 10200.00 KiB | 1080 (1088) x 2400 |      1 |        1 | 0x     b00 | VRI[MainActivity]#0(BLAST Consumer)0
0xb400007b0be7f470 | 10200.00 KiB | 1080 (1088) x 2400 |      1 |        1 | 0x     300 | SurfaceTexture-0-11185-0
0xb400007b0be804f0 | 10200.00 KiB | 1080 (1088) x 2400 |      1 |        1 | 0x     300 | SurfaceTexture-0-11185-0
0xb400007b0be81570 | 10200.00 KiB | 1080 (1088) x 2400 |      1 |        1 | 0x     b00 | VRI[MainActivity]#0(BLAST Consumer)0
0xb400007b0be830f0 | 10200.00 KiB | 1080 (1088) x 2400 |      1 |        1 | 0x     b00 | VRI[MainActivity]#0(BLAST Consumer)0
Total allocated by GraphicBufferAllocator (estimate): 102000.00 KB
Imported gralloc buffers:
Total imported by gralloc: 0KiB

Profile data in ms:

	org.ultimatemaps.spike.maplibre/org.ultimatemaps.spike.MainActivity/android.view.ViewRootImpl@5304d77 (visibility=0)
Window: org.ultimatemaps.spike.maplibre/org.ultimatemaps.spike.MainActivity
Stats since: 36321187550326ns
Total frames rendered: 695
Janky frames: 0 (0.00%)
Janky frames (legacy): 0 (0.00%)
50th percentile: 5ms
90th percentile: 6ms
95th percentile: 7ms
99th percentile: 9ms
Number Missed Vsync: 0
Number High input latency: 0
Number Slow UI thread: 0
Number Slow bitmap uploads: 0
Number Slow issue draw commands: 0
Number Frame deadline missed: 0
Number Frame deadline missed (legacy): 0
HISTOGRAM: 5ms=555 6ms=85 7ms=38 8ms=6 9ms=5 10ms=3 11ms=1 12ms=2 13ms=0 14ms=0 15ms=0 16ms=0 17ms=0 18ms=0 19ms=0 20ms=0 21ms=0 22ms=0 23ms=0 24ms=0 25ms=0 26ms=0 27ms=0 28ms=0 29ms=0 30ms=0 31ms=0 32ms=0 34ms=0 36ms=0 38ms=0 40ms=0 42ms=0 44ms=0 46ms=0 48ms=0 53ms=0 57ms=0 61ms=0 65ms=0 69ms=0 73ms=0 77ms=0 81ms=0 85ms=0 89ms=0 93ms=0 97ms=0 101ms=0 105ms=0 109ms=0 113ms=0 117ms=0 121ms=0 125ms=0 129ms=0 133ms=0 150ms=0 200ms=0 250ms=0 300ms=0 350ms=0 400ms=0 450ms=0 500ms=0 550ms=0 600ms=0 650ms=0 700ms=0 750ms=0 800ms=0 850ms=0 900ms=0 950ms=0 1000ms=0 1050ms=0 1100ms=0 1150ms=0 1200ms=0 1250ms=0 1300ms=0 1350ms=0 1400ms=0 1450ms=0 1500ms=0 1550ms=0 1600ms=0 1650ms=0 1700ms=0 1750ms=0 1800ms=0 1850ms=0 1900ms=0 1950ms=0 2000ms=0 2050ms=0 2100ms=0 2150ms=0 2200ms=0 2250ms=0 2300ms=0 2350ms=0 2400ms=0 2450ms=0 2500ms=0 2550ms=0 2600ms=0 2650ms=0 2700ms=0 2750ms=0 2800ms=0 2850ms=0 2900ms=0 2950ms=0 3000ms=0 3050ms=0 3100ms=0 3150ms=0 3200ms=0 3250ms=0 3300ms=0 3350ms=0 3400ms=0 3450ms=0 3500ms=0 3550ms=0 3600ms=0 3650ms=0 3700ms=0 3750ms=0 3800ms=0 3850ms=0 3900ms=0 3950ms=0 4000ms=0 4050ms=0 4100ms=0 4150ms=0 4200ms=0 4250ms=0 4300ms=0 4350ms=0 4400ms=0 4450ms=0 4500ms=0 4550ms=0 4600ms=0 4650ms=0 4700ms=0 4750ms=0 4800ms=0 4850ms=0 4900ms=0 4950ms=0
50th gpu percentile: 2ms
90th gpu percentile: 4ms
95th gpu percentile: 4ms
99th gpu percentile: 7ms
GPU HISTOGRAM: 1ms=239 2ms=232 3ms=112 4ms=78 5ms=18 6ms=6 7ms=5 8ms=3 9ms=2 10ms=0 11ms=0 12ms=0 13ms=0 14ms=0 15ms=0 16ms=0 17ms=0 18ms=0 19ms=0 20ms=0 21ms=0 22ms=0 23ms=0 24ms=0 25ms=0 4950ms=0



---PROFILEDATA---
Flags,FrameTimelineVsyncId,IntendedVsync,Vsync,InputEventId,HandleInputStart,AnimationStart,PerformTraversalsStart,DrawStart,FrameDeadline,FrameStartTime,FrameInterval,WorkloadTarget,AnimationTime,AnimationCounter,SyncQueued,SyncStart,IssueDrawCommandsStart,SwapBuffers,FrameCompleted,DequeueBufferDuration,QueueBufferDuration,GpuCompleted,SwapBuffersCompleted,DisplayPresentTime,CommandSubmissionCompleted,
0,1609603,36326774068921,36326774068921,-798481205,36326774719599,36326777012853,36326777016230,36326777130976,36326790668921,36326774711543,8336455,16600000,36326774068921,-1,36326777235143,36326777309606,36326777365962,36326777725988,36326778990921,7039,192301,36326778990921,36326777972773,36326801127721,36326777725988,
0,1609618,36326782415077,36326782415077,-1025738323,36326783258581,36326785931961,36326785933711,36326785994868,36326799015077,36326783248408,8335917,16600000,36326782415077,-1,36326786035517,36326786365189,36326786402420,36326786761388,36326787905797,8423,202189,36326787905797,36326787022374,36326809468216,36326786761388,
0,1609633,36326790742227,36326790742227,-879177070,36326791481033,36326793610143,36326793613927,36326793715246,36326807342227,36326791472977,8336085,16600000,36326790742227,-1,36326793809809,36326794191279,36326794231237,36326794526688,36326795686478,6348,205933,36326795686478,36326794796544,36326817886103,36326794526688,
0,1609648,36326799081715,36326799081715,-772200931,36326799693069,36326801590937,36326801595942,36326801656774,36326815681715,36326799685542,8335384,16600000,36326799081715,-1,36326801696447,36326802004674,36326802051305,36326802317825,36326805992020,5616,217936,36326805992020,36326802584630,36326826126500,36326802317825,
0,1609663,36326807406298,36326807406298,-909245926,36326808131017,36326809922318,36326809925410,36326810021520,36326824006298,36326808123489,8334864,16600000,36326807406298,-1,36326810113846,36326810841792,36326810960607,36326811589757,36326812404536,19084,506144,36326812404536,36326812253698,36326834452062,36326811589757,
0,1609678,36326815732260,36326815732260,-754240394,36326816758662,36326818524653,36326818525548,36326818577916,36326832332260,36326816751338,8334028,16600000,36326815732260,-1,36326818627274,36326819304153,36326819399043,36326820409582,36326826094721,18230,448324,36326826094721,36326820953405,36326842788244,36326820409582,
0,1609693,36326824055308,36326824055308,-61711427,36326824661128,36326826028559,36326826033239,36326826169917,36326840655308,36326824655228,8334503,16600000,36326824055308,-1,36326826299881,36326826908279,36326826987625,36326827665237,36326830412430,18188,798869,36326830412430,36326828584915,36326851134354,36326827665237,
0,1609708,36326832401092,36326832401092,-86058220,36326832947871,36326834321284,36326834325068,36326834445267,36326849001092,36326832942215,8333999,16600000,36326832401092,-1,36326834581782,36326835319778,36326835417109,36326836207067,36326836845617,21199,459351,36326836845617,36326836804845,36326859482864,36326836207067,
0,1609780,36326874018203,36326874018203,-97923869,36326874545120,36326875394974,36326875396113,36326875452265,36326890618203,36326874541946,8331167,16600000,36326874018203,-1,36326875511754,36326876331090,36326876428258,36326877271276,36326879105342,22217,652018,36326879105342,36326878146601,36326901154088,36326877271276,
0,1609795,36326882349370,36326882349370,-368589511,36326883222163,36326885564570,36326885565954,36326885640416,36326898949370,36326883212397,8331167,16600000,36326882349370,-1,36326885694250,36326886853185,36326886950679,36326888295934,36326888866247,17579,484049,36326888601313,36326888866247,36326909476924,36326888295934,
0,1609810,36326890680537,36326890680537,-211691294,36326891222855,36326892116979,36326892117915,36326892160680,36326907280537,36326891219152,8331167,16600000,36326890680537,-1,36326892197545,36326892511429,36326892549800,36326892879349,36326897010412,7569,274983,36326897010412,36326893197790,36326917827103,36326892879349,
0,1609825,36326899011704,36326899011704,-11770963,36326899979324,36326902061071,36326902062129,36326902125646,36326915611704,36326899969315,8333299,16600000,36326899011704,-1,36326902185054,36326902516922,36326902563675,36326903046748,36326905733556,10173,455689,36326905733556,36326903664139,36326926183100,36326903046748,
0,1609840,36326907377515,36326907377515,-81715480,36326907916906,36326908605749,36326908606806,36326908648677,36326923977515,36326907913895,8333242,16600000,36326907377515,-1,36326908684443,36326909184118,36326909220088,36326909532791,36326911099442,6836,240682,36326911099442,36326909828527,36326934475215,36326909532791,
0,1609855,36326915711065,36326915711065,-740866663,36326916277420,36326917135778,36326917136836,36326917190791,36326932311065,36326916271357,8333096,16600000,36326915711065,-1,36326917242834,36326917886917,36326918003779,36326919071650,36326920424393,23356,1208496,36326920064326,36326920424393,36326942836665,36326919071650,
0,1609870,36326924042098,36326924042098,-37933704,36326924914546,36326927205724,36326927211543,36326927356562,36326940642098,36326924904210,8332987,16600000,36326924042098,-1,36326927506302,36326927855830,36326927895991,36326928309931,36326930200231,10620,217570,36326930200231,36326928586299,36326951156204,36326928309931,
0,1609885,36326932375569,36326932375569,-679819551,36326933531204,36326935464025,36326935464961,36326935519363,36326948975569,36326933522212,8333791,16600000,36326932375569,-1,36326935566564,36326936382523,36326936466222,36326937392817,36326938134476,18921,593059,36326938038569,36326938134476,36326959499507,36326937392817,
0,1609900,36326940723521,36326940723521,-578382145,36326941407873,36326943656367,36326943657506,36326943711014,36326957323521,36326941399368,8333619,16600000,36326940723521,-1,36326943756546,36326944214473,36326944249303,36326944757563,36326945675247,6999,772990,36326945448156,36326945675247,36326967833043,36326944757563,
0,1609915,36326949053696,36326949053696,-269175611,36326949682775,36326951924515,36326951927811,36326952122065,36326965653696,36326949671097,8333633,16600000,36326949053696,-1,36326952186234,36326952511795,36326952549108,36326952834875,36326954448766,6266,185587,36326954448766,36326953077388,36326976146886,36326952834875,
0,1609930,36326957389283,36326957389283,-631506215,36326958371292,36326960834346,36326960837112,36326960905513,36326973989283,36326958362096,8333586,16600000,36326957389283,-1,36326960951411,36326961384557,36326961426834,36326962001745,36326962834183,11230,236694,36326962834183,36326962301549,36326984498612,36326962001745,
0,1609952,36326965722477,36326965722477,-453319397,36326966976557,36326969193680,36326969197668,36326969316849,36326982322477,36326966968419,8333875,16600000,36326965722477,-1,36326969427607,36326970261754,36326970377029,36326971182775,36326971771276,18514,443767,36326971726924,36326971771276,36326992831701,36326971182775,
0,1609967,36326974060730,36326974060730,-297832123,36326975252681,36326977205928,36326977206904,36326977255570,36326990660730,36326975243607,8334237,16600000,36326974060730,-1,36326977296097,36326977977086,36326978160640,36326979288000,36326980238195,22095,805094,36326979854080,36326980238195,36327001171748,36326979288000,
0,1609982,36326982399735,36326982399735,-17296979,36326983774857,36326986660802,36326986661779,36326986723587,36326998999735,36326983765010,8334017,16600000,36326982399735,-1,36326986772375,36326987126623,36326987165156,36326987504471,36326988850296,9359,200806,36326988850296,36326987763708,36327009491735,36326987504471,
0,1609997,36326990729824,36326990729824,0,36326991373734,36326991899206,36326991902827,36326992074539,36327007329824,36326991365514,8334496,16600000,36326990729824,-1,36326992173091,36326992509476,36326992556025,36326992940140,36326996227249,8870,294515,36326996227249,36326993316808,36327017832596,36326992940140,
0,1610012,36326999069955,36326999069955,-232264450,36327000583247,36327003451492,36327003454748,36327003569534,36327015669955,36327000574295,8334447,16600000,36326999069955,-1,36327003661169,36327004258214,36327004297969,36327004686315,36327007360794,8382,281006,36327007360794,36327005037877,36327026165726,36327004686315,
0,1610027,36327007403852,36327007403852,-21285569,36327008187373,36327009763138,36327009764359,36327009820633,36327024003852,36327008183060,8334365,16600000,36327007403852,-1,36327009866491,36327010489660,36327010583532,36327011357498,36327013162267,16561,723267,36327013162267,36327012200841,36327034459997,36327011357498,
0,1610042,36327015737860,36327015737860,-430232052,36327016341873,36327016371699,36327016373205,36327016433752,36327032337860,36327016336095,8334186,16600000,36327015737860,-1,36327016501175,36327017384028,36327017573807,36327018626460,36327020431391,19775,726848,36327020431391,36327019480179,36327042919144,36327018626460,
0,1610050,36327024069353,36327024069353,0,36327024691686,36327024694901,36327024698481,36327024934647,36327040669353,36327024683385,8335160,16600000,36327024069353,-1,36327025046382,36327025825394,36327025941442,36327026619949,36327029370519,17904,368286,36327029370519,36327027100093,36327051131668,36327026619949,
0,1610058,36327032414937,36327032414937,0,36327033097285,36327033100296,36327033103714,36327033475011,36327049014937,36327033088252,8335013,16600000,36327032414937,-1,36327033585770,36327034516108,36327034631790,36327035268265,36327038049393,19572,386638,36327038049393,36327035791947,36327059504105,36327035268265,
0,1610066,36327040747617,36327040747617,0,36327041410762,36327041413529,36327041416580,36327041998815,36327057347617,36327041401810,8334253,16600000,36327040747617,-1,36327042110306,36327042786169,36327042914098,36327043572627,36327048423498,20426,493449,36327048423498,36327044184565,36327067830317,36327043572627,
0,1610074,36327049069536,36327049069536,0,36327049710404,36327049713089,36327049716100,36327049813431,36327065669536,36327049702428,8334903,16600000,36327049069536,-1,36327049916011,36327050505773,36327050592728,36327051323115,36327056352127,18392,400756,36327056352127,36327051836584,36327076153966,36327051323115,
0,1610082,36327057418915,36327057418915,0,36327058510045,36327058513382,36327058517207,36327058618607,36327074018915,36327058500402,8334154,16600000,36327057418915,-1,36327058722611,36327059462194,36327059568070,36327060257075,36327064513138,22379,506185,36327064513138,36327060869868,36327084490311,36327060257075,
0,1610090,36327065740790,36327065740790,0,36327066473953,36327066477249,36327066480627,36327066586217,36327082340790,36327066465449,8334118,16600000,36327065740790,-1,36327066695023,36327067515132,36327067601761,36327068346756,36327072246862,18311,344767,36327072246862,36327068777542,36327092852290,36327068346756,
0,1610098,36327074074499,36327074074499,0,36327074781855,36327074785355,36327074789139,36327074888219,36327090674499,36327074772334,8333983,16600000,36327074074499,-1,36327074991979,36327075678625,36327075792150,36327076487096,36327080625076,17823,331014,36327080625076,36327076899572,36327101180374,36327076487096,
0,1610106,36327082406353,36327082406353,0,36327083039098,36327083041906,36327083045446,36327083134557,36327099006353,36327083030146,8333530,16600000,36327082406353,-1,36327083230301,36327083986405,36327084127111,36327084728551,36327088945308,18026,504232,36327088945308,36327085350581,36327109517166,36327084728551,
0,1610114,36327090733636,36327090733636,0,36327091423986,36327091426997,36327091430293,36327091523555,36327107333636,36327091415685,8333369,16600000,36327090733636,-1,36327091620112,36327092396439,36327092483882,36327093179398,36327099781774,18514,402710,36327099781774,36327093696976,36327117838333,36327093179398,
0,1610122,36327099064463,36327099064463,0,36327099757116,36327099760249,36327099763992,36327099866369,36327115664463,36327099747472,8333982,16600000,36327099064463,-1,36327099972895,36327100656367,36327100762772,36327101380854,36327107344477,18555,402262,36327107344477,36327101901281,36327126145096,36327101380854,
0,1610130,36327107406810,36327107406810,0,36327109610062,36327109612869,36327109616125,36327109716385,36327124006810,36327109601598,8333864,16600000,36327107406810,-1,36327109818680,36327110473384,36327110540644,36327111105789,36327118695552,17456,492757,36327118695552,36327111713537,36327134493200,36327111105789,
0,1610138,36327115740357,36327115740357,0,36327116489578,36327116492671,36327116496414,36327116598709,36327132340357,36327116480301,8334182,16600000,36327115740357,-1,36327116703039,36327117177852,36327117281611,36327117885208,36327122895055,14363,378540,36327122895055,36327118365067,36327142882197,36327117885208,
0,1610146,36327124078993,36327124078993,0,36327125005244,36327125007563,36327125009557,36327125089351,36327140678993,36327124997513,8334088,16600000,36327124078993,-1,36327125173254,36327125862340,36327125960688,36327126561071,36327131477575,17660,442790,36327131477575,36327127129308,36327151194250,36327126561071,
0,1610154,36327132411737,36327132411737,0,36327133064692,36327133067663,36327133071650,36327133287471,36327149011737,36327133055212,8333748,16600000,36327132411737,-1,36327133402298,36327134003047,36327134058467,36327134745723,36327135695674,17334,359741,36327135695674,36327135210282,36327159535843,36327134745723,
0,1610162,36327140739086,36327140739086,0,36327141453446,36327141456538,36327141460892,36327141567988,36327157339086,36327141442988,8333654,16600000,36327140739086,-1,36327141677729,36327142272130,36327142330968,36327142829788,36327145798254,14690,356364,36327145798254,36327143293859,36327167850093,36327142829788,
0,1610170,36327149070731,36327149070731,0,36327149749466,36327149752843,36327149756953,36327149863724,36327165670731,36327149739416,8334057,16600000,36327149070731,-1,36327149974645,36327150592158,36327150646846,36327151153275,36327154059850,15828,346639,36327154059850,36327151604976,36327176204585,36327151153275,
0,1610178,36327157413341,36327157413341,0,36327158118200,36327158121252,36327158125280,36327158235103,36327174013341,36327158109207,8334344,16600000,36327157413341,-1,36327158342280,36327159271113,36327159370316,36327160721186,36327161737951,19205,884847,36327161429927,36327161737951,36327184523026,36327160721186,
0,1610186,36327165752284,36327165752284,0,36327166796951,36327166799678,36327166803218,36327166903600,36327182352284,36327166788895,8334701,16600000,36327165752284,-1,36327167005041,36327167681269,36327167819372,36327168551020,36327170530472,16846,332397,36327170530472,36327168952347,36327192843460,36327168551020,
0,1610194,36327174092668,36327174092668,0,36327174863520,36327174866816,36327174871252,36327174994054,36327190692668,36327174852656,8334835,16600000,36327174092668,-1,36327175121618,36327176213903,36327176351436,36327177380448,36327177972814,21199,453084,36327177584712,36327177972814,36327201216100,36327177380448,
0,1610202,36327182428528,36327182428528,0,36327183503657,36327183508377,36327183512609,36327183645177,36327199028528,36327183493078,8335043,16600000,36327182428528,-1,36327183779658,36327184714106,36327184795202,36327185678706,36327186546585,21769,745117,36327186209549,36327186546585,36327209524735,36327185678706,
0,1610210,36327190767186,36327190767186,0,36327191534338,36327191538447,36327191542435,36327191664668,36327207367186,36327191523921,8335088,16600000,36327190767186,-1,36327191778722,36327192965246,36327193213171,36327194023107,36327195018631,16154,886800,36327194713862,36327195018631,36327217870682,36327194023107,
0,1610218,36327199102360,36327199102360,0,36327199791499,36327199795690,36327199799108,36327199914953,36327215702360,36327199781123,8334909,16600000,36327199102360,-1,36327200106359,36327201809891,36327201873530,36327202308426,36327202873408,12655,361410,36327202873408,36327202727819,36327226198604,36327202308426,
0,1610227,36327215767832,36327215767832,0,36327216565221,36327216569412,36327216573685,36327216704626,36327232367832,36327216554276,8335908,16600000,36327215767832,-1,36327216839351,36327217543737,36327217623001,36327218422928,36327220569006,22014,446533,36327220569006,36327219019038,36327242859655,36327218422928,
0,1610235,36327224116221,36327224116221,0,36327224988683,36327224992427,36327224997554,36327225126053,36327240716221,36327224978633,8335521,16600000,36327224116221,-1,36327225264074,36327226117671,36327226234614,36327227073604,36327228956253,25268,508098,36327228956253,36327227729080,36327251195023,36327227073604,
0,1610243,36327232447561,36327232447561,0,36327233295812,36327233300166,36327233305171,36327233424718,36327249047561,36327233284826,8335521,16600000,36327232447561,-1,36327233557368,36327234179479,36327234252884,36327234794876,36327237466182,14120,370687,36327237466182,36327235250768,36327259519201,36327234794876,
0,1610251,36327240783082,36327240783082,0,36327241537878,36327241540889,36327241545202,36327241649368,36327257383082,36327241527664,8335566,16600000,36327240783082,-1,36327241755936,36327242542069,36327242625931,36327243226110,36327246196162,17578,428507,36327246196162,36327243770422,36327267887324,36327243226110,
0,1610259,36327249118504,36327249118504,0,36327249825964,36327249829626,36327249833491,36327249934525,36327265718504,36327249816117,8335327,16600000,36327249118504,-1,36327250042476,36327250668615,36327250727412,36327251251908,36327253597041,14933,376180,36327253597041,36327251734533,36327276170975,36327251251908,
0,1610267,36327257449501,36327257449501,0,36327258767329,36327258771276,36327258775142,36327258901932,36327274049501,36327258757157,8334946,16600000,36327257449501,-1,36327259013789,36327259635168,36327259721756,36327260339391,36327262112829,15625,351603,36327262112829,36327260796952,36327284534256,36327260339391,
0,1610275,36327265778920,36327265778920,0,36327266668940,36327266672114,36327266675939,36327266778600,36327282378920,36327266659338,8334437,16600000,36327265778920,-1,36327266883296,36327267505529,36327267573970,36327268162023,36327269852494,15910,356242,36327269852494,36327268624385,36327292881506,36327268162023,
0,1610283,36327274105803,36327274105803,0,36327275790034,36327275793249,36327275796952,36327275900549,36327290705803,36327275780675,8334817,16600000,36327274105803,-1,36327276111161,36327276955887,36327277066768,36327277996130,36327278743851,19368,503093,36327278743851,36327278682612,36327301223343,36327277996130,
0,1610292,36327290772696,36327290772696,0,36327292542557,36327292547765,36327292552038,36327292677363,36327307372696,36327292531652,8334417,16600000,36327290772696,-1,36327293067012,36327293708857,36327293816523,36327294620763,36327295345861,18392,569132,36327295260778,36327295345861,36327317907547,36327294620763,
0,1610300,36327299107470,36327299107470,0,36327300230179,36327300233719,36327300237503,36327300344722,36327315707470,36327300220698,8334449,16600000,36327299107470,-1,36327300453161,36327301149165,36327301284093,36327301977290,36327304110794,19450,434733,36327304110794,36327302520747,36327326204707,36327301977290,
0,1610308,36327307443393,36327307443393,0,36327308552689,36327308556066,36327308559932,36327308660355,36327324043393,36327308543371,8334449,16600000,36327307443393,-1,36327308763260,36327309577510,36327309662430,36327310248408,36327312649938,14770,408488,36327312649938,36327310744176,36327334555334,36327310248408,
0,1610316,36327315777842,36327315777842,0,36327316656327,36327316659663,36327316663773,36327316764562,36327332377842,36327316646602,8334156,16600000,36327315777842,-1,36327316869217,36327317502518,36327317577835,36327318135697,36327320490759,17049,373129,36327320490759,36327318614741,36327342862341,36327318135697,
0,1610324,36327324110314,36327324110314,0,36327325300980,36327325304072,36327325308019,36327325399409,36327340710314,36327325292679,8334222,16600000,36327324110314,-1,36327325505936,36327326096919,36327326182124,36327326713211,36327328994787,13834,360311,36327328994787,36327327184321,36327351206701,36327326713211,
0,1610332,36327332448672,36327332448672,0,36327333274735,36327333278153,36327333282466,36327333393102,36327349048672,36327333264318,8334446,16600000,36327332448672,-1,36327333506831,36327334188960,36327334261795,36327334924881,36327336213618,16561,395874,36327336213618,36327335428787,36327359652990,36327334924881,
0,1610340,36327340784937,36327340784937,0,36327341510534,36327341513708,36327341517533,36327341625931,36327357384937,36327341500565,8334620,16600000,36327340784937,-1,36327341741125,36327342120845,36327342158524,36327342438879,36327343365677,7772,180868,36327343365677,36327342671260,36327367867061,36327342438879,
0,1610348,36327349122295,36327349122295,0,36327349979325,36327349983556,36327349988521,36327350118566,36327365722295,36327349969030,8334530,16600000,36327349122295,-1,36327350251175,36327350612218,36327350687454,36327350989253,36327351945186,7650,180583,36327351945186,36327351250565,36327376232295,36327350989253,
0,1610356,36327357453745,36327357453745,0,36327358134842,36327358138016,36327358141760,36327358243607,36327374053745,36327358125606,8334338,16600000,36327357453745,-1,36327358354732,36327358675898,36327358709631,36327359225907,36327363341019,8748,361451,36327363341019,36327359701126,36327384540563,36327359225907,
0,1610364,36327365785128,36327365785128,0,36327366612910,36327366617834,36327366623571,36327366749832,36327382385128,36327366599686,8335812,16600000,36327365785128,-1,36327366883052,36327367255448,36327367288610,36327367580602,36327368506139,6917,166138,36327368506139,36327367795121,36327392876419,36327367580602,
0,1610372,36327374146961,36327374146961,0,36327375017614,36327375021642,36327375025874,36327375169022,36327390746961,36327375006506,8335459,16600000,36327374146961,-1,36327375317907,36327377175247,36327377299556,36327378808019,36327380117915,24617,568359,36327380117915,36327379597285,36327401221471,36327378808019,
0,1610380,36327382475146,36327382475146,0,36327383240189,36327383245031,36327383249344,36327383363276,36327399075146,36327383229406,8335310,16600000,36327382475146,-1,36327383485347,36327384774816,36327384892288,36327385827673,36327386729447,20142,774047,36327386421952,36327386729447,36327409550817,36327385827673,
0,1610388,36327390808762,36327390808762,0,36327391752192,36327391754756,36327391756831,36327391830277,36327407408762,36327391744950,8335340,16600000,36327390808762,-1,36327391909622,36327392723709,36327392953161,36327393847367,36327395719762,19694,804810,36327395719762,36327394774572,36327417875809,36327393847367,
0,1610396,36327399141910,36327399141910,0,36327399917801,36327399920894,36327399925044,36327400114538,36327415741910,36327399907913,8335063,16600000,36327399141910,-1,36327400236323,36327401020300,36327401110632,36327401989172,36327404325679,149983,807658,36327404325679,36327403022944,36327426201900,36327401989172,
0,1610404,36327407471778,36327407471778,0,36327408432897,36327408436071,36327408440018,36327408560542,36327424071778,36327408422074,8335096,16600000,36327407471778,-1,36327408683792,36327409378617,36327409654048,36327410731847,36327411714310,22502,742636,36327411646927,36327411714310,36327434571284,36327410731847,
0,1610412,36327415806305,36327415806305,0,36327416851191,36327416854365,36327416858597,36327416967240,36327432406305,36327416840978,8334977,16600000,36327415806305,-1,36327417082962,36327417898595,36327418016434,36327418846797,36327419925410,19246,930095,36327419445796,36327419925410,36327442850581,36327418846797,
0,1610420,36327424138634,36327424138634,0,36327424926631,36327424930741,36327424936030,36327425058914,36327440738634,36327424915523,8334613,16600000,36327424138634,-1,36327425182246,36327425881058,36327426000117,36327426668656,36327427443517,18229,387777,36327427443517,36327427158687,36327451202347,36327426668656,
0,1610428,36327432467288,36327432467288,0,36327433228633,36327433231644,36327433236283,36327433360672,36327449067288,36327433219111,8334160,16600000,36327432467288,-1,36327433476029,36327434271235,36327434382075,36327435060786,36327435767411,21484,582113,36327435730057,36327435767411,36327459515742,36327435060786,
0,1610436,36327440794196,36327440794196,0,36327441553584,36327441557694,36327441562414,36327441695918,36327457394196,36327441540441,8334022,16600000,36327440794196,-1,36327441839880,36327442149735,36327442173986,36327442380041,36327445198970,5168,118001,36327445198970,36327442526240,36327467863683,36327442380041,
0,1610445,36327457453683,36327457453683,0,36327458107946,36327458111567,36327458115799,36327458239050,36327474053683,36327458097000,8332734,16600000,36327457453683,-1,36327458373123,36327459601151,36327459685786,36327460874629,36327461957230,22379,905761,36327461377437,36327461957230,36327484517533,36327460874629,
0,1610453,36327465775517,36327465775517,0,36327466416214,36327466419307,36327466422928,36327466524084,36327482375517,36327466406856,8331969,16600000,36327465775517,-1,36327466632889,36327467995397,36327468167028,36327469077103,36327471852982,19450,526652,36327471852982,36327469703486,36327492849523,36327469077103,
0,1610468,36327474096785,36327474096785,0,36327474782466,36327474785680,36327474789424,36327474896113,36327490696785,36327474773270,8331969,16600000,36327474096785,-1,36327475003535,36327475344071,36327475372757,36327475644160,36327479326289,5818,173909,36327479326289,36327475858190,36327501192866,36327475644160,
0,1610476,36327482428754,36327482428754,0,36327483508255,36327483511226,36327483514766,36327483609696,36327499028754,36327483499629,8331628,16600000,36327482428754,-1,36327483703771,36327484304235,36327484433182,36327485323197,36327487118159,107463,541626,36327487118159,36327486153641,36327509665238,36327485323197,
0,1610484,36327490755962,36327490755962,0,36327491432409,36327491435379,36327491439245,36327491534623,36327507355962,36327491423823,8331272,16600000,36327490755962,-1,36327491639969,36327493153885,36327493291621,36327494246496,36327495734614,20182,764282,36327495734614,36327495268265,36327517894079,36327494246496,
0,1610492,36327499082009,36327499082009,0,36327499802119,36327499805130,36327499809118,36327499915848,36327515682009,36327499793005,8331273,16600000,36327499082009,-1,36327500104121,36327500694372,36327501232010,36327501853958,36327502813268,20508,644735,36327502813268,36327502618119,36327526227941,36327501853958,
0,1610500,36327507412560,36327507412560,0,36327508168167,36327508171179,36327508174719,36327508275589,36327524012560,36327508158727,8330965,16600000,36327507412560,-1,36327508377274,36327509096024,36327509163040,36327509786616,36327511084346,19084,422200,36327511084346,36327510332108,36327534564652,36327509786616,
0,1610508,36327515740676,36327515740676,0,36327516563594,36327516567988,36327516573278,36327516683996,36327532340676,36327516551834,8332889,16600000,36327515740676,-1,36327516807531,36327517427730,36327517494177,36327518055781,36327519426021,16479,423380,36327519426021,36327518597855,36327542908443,36327518055781,
0,1610516,36327524109060,36327524109060,0,36327525382279,36327525387243,36327525392695,36327525518957,36327540709060,36327525371048,8332764,16600000,36327524109060,-1,36327525646683,36327526354772,36327526443680,36327527007075,36327528702103,15544,371541,36327528702103,36327527497025,36327551230830,36327527007075,
0,1610524,36327532442096,36327532442096,0,36327535084509,36327535087845,36327535090775,36327535329138,36327549042096,36327535075720,8332759,16600000,36327532442096,-1,36327535450272,36327536550329,36327536607499,36327536954382,36327539587438,10905,214030,36327539587438,36327537231481,36327559545609,36327536954382,
0,1610533,36327557467729,36327557467729,0,36327558784053,36327558790685,36327558795690,36327559010656,36327574067729,36327558633662,8334958,16600000,36327557467729,-1,36327559168615,36327559609492,36327559655920,36327560318395,36327560913773,10743,435628,36327560866532,36327560913773,36327584563472,36327560318395,
0,1610541,36327565807204,36327565807204,0,36327567084997,36327567089351,36327567094030,36327567211218,36327582407204,36327567074173,8334958,16600000,36327565807204,-1,36327567337357,36327567986120,36327568148596,36327568732376,36327570972896,16480,395630,36327570972896,36327569220576,36327592887975,36327568732376,
0,1610549,36327574142162,36327574142162,0,36327575248897,36327575253332,36327575258622,36327575389237,36327590742162,36327575236161,8334958,16600000,36327574142162,-1,36327575531611,36327575974849,36327576047928,36327576349889,36327577018184,7609,194539,36327577018184,36327576584509,36327601224849,36327576349889,
0,1610557,36327582477120,36327582477120,0,36327583319209,36327583323644,36327583328690,36327583616369,36327599077120,36327583307043,8334780,16600000,36327582477120,-1,36327583763342,36327584168412,36327584207474,36327584567337,36327585136470,7732,177938,36327585136470,36327584798010,36327609547399,36327584567337,
0,1610565,36327590807598,36327590807598,0,36327591795202,36327591799556,36327591804561,36327591934444,36327607407598,36327591782954,8334815,16600000,36327590807598,-1,36327592200760,36327592524328,36327592559850,36327592838211,36327594514766,6511,200846,36327594514766,36327593095129,36327617902624,36327592838211,
0,1610574,36327607476212,36327607476212,0,36327608294632,36327608299759,36327608304968,36327608423294,36327624076212,36327608282263,8334912,16600000,36327607476212,-1,36327608552241,36327609079707,36327609126460,36327609415523,36327613325923,7812,184285,36327613325923,36327609653804,36327634595902,36327609415523,
0,1610582,36327615810511,36327615810511,0,36327616958532,36327616962927,36327616967850,36327617111242,36327632410511,36327616945023,8334717,16600000,36327615810511,-1,36327617258459,36327617366084,36327617426021,36327617803910,36327618970169,8178,187174,36327618970169,36327618038936,36327642876623,36327617803910,
0,1610590,36327624140656,36327624140656,0,36327625418371,36327625422684,36327625427323,36327625556595,36327640740656,36327625406042,8334717,16600000,36327624140656,-1,36327625693151,36327626603714,36327626727656,36327627599198,36327628336869,14892,641967,36327628223343,36327628336869,36327651209916,36327627599198,
0,1610598,36327632475373,36327632475373,0,36327633499466,36327633503942,36327633509313,36327633650060,36327649075373,36327633487463,8334709,16600000,36327632475373,-1,36327633794348,36327634681107,36327634834549,36327635814733,36327636508459,25675,570109,36327636262406,36327636508459,36327659561478,36327635814733,
0,1610606,36327640810064,36327640810064,0,36327641523758,36327641527543,36327641531327,36327641624019,36327657410064,36327641514522,8335442,16600000,36327640810064,-1,36327641719559,36327642362056,36327642462357,36327643071895,36327643731685,16439,367269,36327643731685,36327643535396,36327667868078,36327643071895,
0,1610614,36327649156851,36327649156851,0,36327649953609,36327649958125,36327649963130,36327650086584,36327665756851,36327649940099,8334796,16600000,36327649156851,-1,36327650215490,36327651342199,36327651474890,36327652438797,36327653225907,18718,666666,36327652941931,36327653225907,36327676217687,36327652438797,
0,1610622,36327657480179,36327657480179,0,36327658165523,36327658168900,36327658172928,36327658286332,36327674080179,36327658155228,8334381,16600000,36327657480179,-1,36327658402624,36327659103592,36327659253780,36327660386144,36327661007197,22745,496256,36327660678584,36327661007197,36327684561397,36327660386144,
0,1610630,36327665806688,36327665806688,0,36327666316117,36327666317215,36327666317907,36327666348913,36327682406688,36327666313106,8333930,16600000,36327665806688,-1,36327666876948,36327667527014,36327667598669,36327668318314,36327668904821,20793,460287,36327668796382,36327668904821,36327692899450,36327668318314,
0,1610638,36327674134680,36327674134680,0,36327674787308,36327674790645,36327674795039,36327675134558,36327690734680,36327674777339,8333298,16600000,36327674134680,-1,36327675262447,36327675937943,36327676176346,36327676877355,36327677566727,15910,367106,36327677566727,36327677338985,36327701215612,36327676877355,
0,1610646,36327682457844,36327682457844,0,36327683218135,36327683222123,36327683227127,36327683341670,36327699057844,36327683206986,8332720,16600000,36327682457844,-1,36327683461380,36327684296952,36327684431310,36327685559484,36327686144771,20996,444662,36327685703242,36327686144771,36327709563879,36327685559484,
0,1610654,36327690783551,36327690783551,0,36327691417191,36327691420202,36327691423946,36327691519771,36327707383551,36327691407181,8332197,16600000,36327690783551,-1,36327691623042,36327692765173,36327692988724,36327693879553,36327694676550,17212,699951,36327694378373,36327694676550,36327717894689,36327693879553,
0,1610662,36327699110895,36327699110895,0,36327699558467,36327699559322,36327699560013,36327699589717,36327715710895,36327699555781,8331780,16600000,36327699110895,-1,36327699624629,36327700630163,36327700699092,36327701611161,36327702270625,15137,564209,36327702015783,36327702270625,36327726233597,36327701611161,
0,1610670,36327707439806,36327707439806,0,36327708113521,36327708116532,36327708120235,36327708212642,36327724039806,36327708103918,8332882,16600000,36327707439806,-1,36327708324947,36327709145625,36327709404089,36327710332515,36327711020015,15951,593710,36327710735021,36327711020015,36327734571488,36327710332515,
0,1610678,36327715784804,36327715784804,0,36327716424800,36327716427689,36327716431351,36327716512569,36327732384804,36327716415604,8332961,16600000,36327715784804,-1,36327716604935,36327717475581,36327717624914,36327718534297,36327719210567,16032,582926,36327719014684,36327719210567,36327742935583,36327718534297,
0,1610686,36327724119586,36327724119586,0,36327724693070,36327724696081,36327724699743,36327724785436,36327740719586,36327724683996,8333016,16600000,36327724119586,-1,36327724874833,36327725772660,36327725938350,36327726817256,36327727526769,17374,614543,36327727448319,36327727526769,36327751261999,36327726817256,
0,1610694,36327732453824,36327732453824,0,36327732862015,36327732862748,36327732863480,36327732896968,36327749053824,36327732859004,8333185,16600000,36327732453824,-1,36327732931188,36327734263993,36327734395218,36327735331905,36327736138952,15748,593628,36327735819291,36327736138952,36327759589188,36327735331905,
0,1610702,36327740789887,36327740789887,0,36327741420853,36327741423783,36327741428625,36327741600052,36327757389887,36327741411494,8333578,16600000,36327740789887,-1,36327741709509,36327742812902,36327743048539,36327743898351,36327744701981,16805,708293,36327744285070,36327744701981,36327767909256,36327743898351,
0,1610710,36327749128976,36327749128976,0,36327749747391,36327749748449,36327749749141,36327749781123,36327765728976,36327749744421,8334225,16600000,36327749128976,-1,36327749818192,36327750763179,36327750859737,36327751719925,36327752423172,19653,581950,36327752168168,36327752423172,36327776222570,36327751719925,
0,1610718,36327757473818,36327757473818,0,36327758236608,36327758240474,36327758244380,36327758338456,36327774073818,36327758227982,8334480,16600000,36327757473818,-1,36327758435420,36327759160681,36327759244950,36327760335770,36327760919958,20589,473266,36327760682043,36327760919958,36327784579626,36327760335770,
0,1610726,36327765813264,36327765813264,0,36327766482499,36327766485510,36327766490108,36327766588212,36327782413264,36327766473059,8334852,16600000,36327765813264,-1,36327766693884,36327767767696,36327767994706,36327768860062,36327769527258,108398,536458,36327769527258,36327769495397,36327793062740,36327768860062,
0,1610734,36327774153295,36327774153295,0,36327774877722,36327774882849,36327774887731,36327775010249,36327790753295,36327774864335,8334884,16600000,36327774153295,-1,36327775135453,36327776376175,36327776494462,36327777369502,36327778187333,15991,704915,36327777864416,36327778187333,36327801245031,36327777369502,
0,1610742,36327782488085,36327782488085,0,36327783132727,36327783136592,36327783140742,36327783241613,36327799088085,36327783123612,8334673,16600000,36327782488085,-1,36327783355790,36327784186356,36327784355830,36327785343338,36327786439733,16479,615235,36327786439733,36327786052974,36327809572302,36327785343338,
0,1610750,36327790818146,36327790818146,0,36327791631709,36327791635697,36327791640458,36327791760046,36327807418146,36327791619055,8334610,16600000,36327790818146,-1,36327791882767,36327792870723,36327792997473,36327794028519,36327794845617,19613,676758,36327794762487,36327794845617,36327817925573,36327794028519,
0,1610758,36327799152108,36327799152108,0,36327799872025,36327799876216,36327799881384,36327799983231,36327815752108,36327799860428,8337012,16600000,36327799152108,-1,36327800157995,36327800892777,36327800995479,36327801976558,36327802545487,19287,467041,36327802476761,36327802545487,36327826244706,36327801976558,
0,1610766,36327807528211,36327807528211,0,36327808224442,36327808227616,36327808231400,36327808324784,36327824128211,36327808215734,8337394,16600000,36327807528211,-1,36327808425166,36327809398392,36327809475378,36327810481522,36327811247717,15585,666870,36327810832718,36327811247717,36326751141719,36327810481522,
0,1610774,36327815866207,36327815866207,0,36327816524247,36327816527665,36327816531408,36327816623083,36327832466207,36327816515987,8336885,16600000,36327815866207,-1,36327816721024,36327819452754,36327819592240,36327820819331,36327821873978,21321,621256,36327821311071,36327821873978,36326759497798,36327820819331,
0,1610782,36327824193611,36327824193611,0,36327825135819,36327825139481,36327825143469,36327825272049,36327840793611,36327825125240,8336617,16600000,36327824193611,-1,36327825398758,36327826049922,36327826101802,36327826460323,36327829487504,8138,220052,36327829487504,36327826738968,36326767838333,36327826460323,
0,1610790,36327832525508,36327832525508,0,36327833444169,36327833448522,36327833453649,36327833576859,36327849125508,36327833432735,8336360,16600000,36327832525508,-1,36327833711543,36327833824418,36327833870764,36327834304439,36327835483312,8097,198283,36327835483312,36327834561478,36326776135574,36327834304439,
0,1610799,36327849184256,36327849184256,0,36327849722530,36327849726354,36327849730790,36327849837561,36327865784256,36327849713008,8335667,16600000,36327849184256,-1,36327849954138,36327850290686,36327850324296,36327850635412,36327851633662,9969,172485,36327851633662,36327850867264,36326784516067,36327850635412,
0,1610808,36327865864514,36327865864514,0,36327866643387,36327866647538,36327866652950,36327866789506,36327882464514,36327866631669,8336268,16600000,36327865864514,-1,36327866926224,36327867231726,36327867279007,36327867609086,36327868636104,8383,190470,36327868636104,36327867852372,36326792800003,36327867609086,
---PROFILEDATA---


View hierarchy:

  org.ultimatemaps.spike.maplibre/org.ultimatemaps.spike.MainActivity/android.view.ViewRootImpl@5304d77
  10 views, 17,26 kB of render nodes


Total ViewRootImpl   : 1
Total attached Views : 10
Total RenderNode     : 17,26 kB (used) / 52,80 kB (capacity)

