Applications Graphics Acceleration Info:
Uptime: 36360742 Realtime: 36360742

** Graphics info for pid 11533 [org.ultimatemaps.spike.maplibre] **

Stats since: 36353755997160ns
Total frames rendered: 295
Janky frames: 0 (0.00%)
Janky frames (legacy): 0 (0.00%)
50th percentile: 5ms
90th percentile: 5ms
95th percentile: 6ms
99th percentile: 12ms
Number Missed Vsync: 0
Number High input latency: 2
Number Slow UI thread: 0
Number Slow bitmap uploads: 0
Number Slow issue draw commands: 0
Number Frame deadline missed: 0
Number Frame deadline missed (legacy): 0
HISTOGRAM: 5ms=275 6ms=9 7ms=6 8ms=1 9ms=1 10ms=0 11ms=0 12ms=1 13ms=1 14ms=0 15ms=1 16ms=0 17ms=0 18ms=0 19ms=0 20ms=0 21ms=0 22ms=0 23ms=0 24ms=0 25ms=0 26ms=0 27ms=0 28ms=0 29ms=0 30ms=0 31ms=0 32ms=0 34ms=0 36ms=0 38ms=0 40ms=0 42ms=0 44ms=0 46ms=0 48ms=0 53ms=0 57ms=0 61ms=0 65ms=0 69ms=0 73ms=0 77ms=0 81ms=0 85ms=0 89ms=0 93ms=0 97ms=0 101ms=0 105ms=0 109ms=0 113ms=0 117ms=0 121ms=0 125ms=0 129ms=0 133ms=0 150ms=0 200ms=0 250ms=0 300ms=0 350ms=0 400ms=0 450ms=0 500ms=0 550ms=0 600ms=0 650ms=0 700ms=0 750ms=0 800ms=0 850ms=0 900ms=0 950ms=0 1000ms=0 1050ms=0 1100ms=0 1150ms=0 1200ms=0 1250ms=0 1300ms=0 1350ms=0 1400ms=0 1450ms=0 1500ms=0 1550ms=0 1600ms=0 1650ms=0 1700ms=0 1750ms=0 1800ms=0 1850ms=0 1900ms=0 1950ms=0 2000ms=0 2050ms=0 2100ms=0 2150ms=0 2200ms=0 2250ms=0 2300ms=0 2350ms=0 2400ms=0 2450ms=0 2500ms=0 2550ms=0 2600ms=0 2650ms=0 2700ms=0 2750ms=0 2800ms=0 2850ms=0 2900ms=0 2950ms=0 3000ms=0 3050ms=0 3100ms=0 3150ms=0 3200ms=0 3250ms=0 3300ms=0 3350ms=0 3400ms=0 3450ms=0 3500ms=0 3550ms=0 3600ms=0 3650ms=0 3700ms=0 3750ms=0 3800ms=0 3850ms=0 3900ms=0 3950ms=0 4000ms=0 4050ms=0 4100ms=0 4150ms=0 4200ms=0 4250ms=0 4300ms=0 4350ms=0 4400ms=0 4450ms=0 4500ms=0 4550ms=0 4600ms=0 4650ms=0 4700ms=0 4750ms=0 4800ms=0 4850ms=0 4900ms=0 4950ms=0
50th gpu percentile: 2ms
90th gpu percentile: 4ms
95th gpu percentile: 5ms
99th gpu percentile: 11ms
GPU HISTOGRAM: 1ms=138 2ms=82 3ms=44 4ms=14 5ms=7 6ms=6 7ms=1 8ms=0 9ms=0 10ms=0 11ms=1 12ms=1 13ms=0 14ms=1 15ms=0 16ms=0 17ms=0 18ms=0 19ms=0 20ms=0 21ms=0 22ms=0 23ms=0 24ms=0 25ms=0 4950ms=0

Pipeline=Skia (Vulkan)
Memory policy:
  Max surface area: 2592000
  Max resource usage: 124.42MB (x48)
  Background retention: 50% (altUiHidden = true)
  GPU Context timeout: 10
Contexts: 1 (stopped = 0)
CPU Caches:
  Glyph Cache: 24.65 KB (1 entry)
  Glyph Count: 1 
Total CPU memory usage:
  25243 bytes, 24.65 KB (0.00 bytes is purgeable)
GPU Caches:
  Other:
    Other: 0.00 bytes (1 entry)
  Image:
    Surface: 65.96 KB (2 entries)
  Scratch:
    Buffer Object: 64.00 KB (2 entries)
    Surface: 98.88 MB (22 entries)
Layer Info:
    VkLayer size 1080x2400
  Layers Total         10125.00 KB (numLayers = 1)
Total GPU memory usage:
  103813072 bytes, 99.00 MB (32.00 KB is purgeable)
Pipeline Cache: inactiveTextureView: 1080x2400

GraphicBufferAllocator buffers:
            Handle |         Size |     W (Stride) x H | Layers |   Format |      Usage | Requestor
0xb400007b0bdd8370 | 10200.00 KiB | 1080 (1088) x 2400 |      1 |        1 | 0x     b00 | VRI[MainActivity]#0(BLAST Consumer)0
0xb400007b0be38350 | 10200.00 KiB | 1080 (1088) x 2400 |      1 |        1 | 0x     b00 | VRI[MainActivity]#0(BLAST Consumer)0
0xb400007b0be7cdf0 | 10200.00 KiB | 1080 (1088) x 2400 |      1 |        1 | 0x     b00 | VRI[MainActivity]#0(BLAST Consumer)0
0xb400007b0be7d370 | 10200.00 KiB | 1080 (1088) x 2400 |      1 |        1 | 0x     300 | SurfaceTexture-0-11533-0
0xb400007b0be7e6b0 | 10200.00 KiB | 1080 (1088) x 2400 |      1 |        1 | 0x     300 | SurfaceTexture-0-11533-0
0xb400007b0be7fcb0 | 10200.00 KiB | 1080 (1088) x 2400 |      1 |        1 | 0x     300 | SurfaceTexture-0-11533-0
0xb400007b0be80910 | 10200.00 KiB | 1080 (1088) x 2400 |      1 |        1 | 0x     300 | SurfaceTexture-0-11533-0
0xb400007b0be83a90 | 10200.00 KiB | 1080 (1088) x 2400 |      1 |        1 | 0x     300 | SurfaceTexture-0-11533-0
0xb400007b0be85e50 | 10200.00 KiB | 1080 (1088) x 2400 |      1 |        1 | 0x     b00 | VRI[MainActivity]#0(BLAST Consumer)0
0xb400007b0be86530 | 10200.00 KiB | 1080 (1088) x 2400 |      1 |        1 | 0x     b00 | VRI[MainActivity]#0(BLAST Consumer)0
Total allocated by GraphicBufferAllocator (estimate): 102000.00 KB
Imported gralloc buffers:
Total imported by gralloc: 0KiB

Profile data in ms:

	org.ultimatemaps.spike.maplibre/org.ultimatemaps.spike.MainActivity/android.view.ViewRootImpl@e356de4 (visibility=0)
Window: org.ultimatemaps.spike.maplibre/org.ultimatemaps.spike.MainActivity
Stats since: 36353755995573ns
Total frames rendered: 295
Janky frames: 0 (0.00%)
Janky frames (legacy): 0 (0.00%)
50th percentile: 5ms
90th percentile: 5ms
95th percentile: 6ms
99th percentile: 12ms
Number Missed Vsync: 0
Number High input latency: 2
Number Slow UI thread: 0
Number Slow bitmap uploads: 0
Number Slow issue draw commands: 0
Number Frame deadline missed: 0
Number Frame deadline missed (legacy): 0
HISTOGRAM: 5ms=275 6ms=9 7ms=6 8ms=1 9ms=1 10ms=0 11ms=0 12ms=1 13ms=1 14ms=0 15ms=1 16ms=0 17ms=0 18ms=0 19ms=0 20ms=0 21ms=0 22ms=0 23ms=0 24ms=0 25ms=0 26ms=0 27ms=0 28ms=0 29ms=0 30ms=0 31ms=0 32ms=0 34ms=0 36ms=0 38ms=0 40ms=0 42ms=0 44ms=0 46ms=0 48ms=0 53ms=0 57ms=0 61ms=0 65ms=0 69ms=0 73ms=0 77ms=0 81ms=0 85ms=0 89ms=0 93ms=0 97ms=0 101ms=0 105ms=0 109ms=0 113ms=0 117ms=0 121ms=0 125ms=0 129ms=0 133ms=0 150ms=0 200ms=0 250ms=0 300ms=0 350ms=0 400ms=0 450ms=0 500ms=0 550ms=0 600ms=0 650ms=0 700ms=0 750ms=0 800ms=0 850ms=0 900ms=0 950ms=0 1000ms=0 1050ms=0 1100ms=0 1150ms=0 1200ms=0 1250ms=0 1300ms=0 1350ms=0 1400ms=0 1450ms=0 1500ms=0 1550ms=0 1600ms=0 1650ms=0 1700ms=0 1750ms=0 1800ms=0 1850ms=0 1900ms=0 1950ms=0 2000ms=0 2050ms=0 2100ms=0 2150ms=0 2200ms=0 2250ms=0 2300ms=0 2350ms=0 2400ms=0 2450ms=0 2500ms=0 2550ms=0 2600ms=0 2650ms=0 2700ms=0 2750ms=0 2800ms=0 2850ms=0 2900ms=0 2950ms=0 3000ms=0 3050ms=0 3100ms=0 3150ms=0 3200ms=0 3250ms=0 3300ms=0 3350ms=0 3400ms=0 3450ms=0 3500ms=0 3550ms=0 3600ms=0 3650ms=0 3700ms=0 3750ms=0 3800ms=0 3850ms=0 3900ms=0 3950ms=0 4000ms=0 4050ms=0 4100ms=0 4150ms=0 4200ms=0 4250ms=0 4300ms=0 4350ms=0 4400ms=0 4450ms=0 4500ms=0 4550ms=0 4600ms=0 4650ms=0 4700ms=0 4750ms=0 4800ms=0 4850ms=0 4900ms=0 4950ms=0
50th gpu percentile: 2ms
90th gpu percentile: 4ms
95th gpu percentile: 5ms
99th gpu percentile: 11ms
GPU HISTOGRAM: 1ms=138 2ms=82 3ms=44 4ms=14 5ms=7 6ms=6 7ms=1 8ms=0 9ms=0 10ms=0 11ms=1 12ms=1 13ms=0 14ms=1 15ms=0 16ms=0 17ms=0 18ms=0 19ms=0 20ms=0 21ms=0 22ms=0 23ms=0 24ms=0 25ms=0 4950ms=0



---PROFILEDATA---
Flags,FrameTimelineVsyncId,IntendedVsync,Vsync,InputEventId,HandleInputStart,AnimationStart,PerformTraversalsStart,DrawStart,FrameDeadline,FrameStartTime,FrameInterval,WorkloadTarget,AnimationTime,AnimationCounter,SyncQueued,SyncStart,IssueDrawCommandsStart,SwapBuffers,FrameCompleted,DequeueBufferDuration,QueueBufferDuration,GpuCompleted,SwapBuffersCompleted,DisplayPresentTime,CommandSubmissionCompleted,
0,1625801,36356923329145,36356923329145,0,36356924215626,36356924218271,36356924732513,36356924833506,36356939929145,36356924207326,8339268,16600000,36356923329145,-1,36356924933278,36356925636159,36356925691782,36356926282684,36356927386647,15177,315918,36356927386647,36356926699635,36356950409800,36356926282684,
0,1625809,36356931668700,36356931668700,0,36356932700408,36356932703053,36356933263519,36356933371917,36356948268700,36356932691538,8337755,16600000,36356931668700,-1,36356933474456,36356934124847,36356934213266,36356934818410,36356935508432,16642,475708,36356935508432,36356935416025,36356958656911,36356934818410,
0,1625817,36356939977953,36356939977953,0,36356942824147,36356942827931,36356943567067,36356943933196,36356956577953,36356942800832,8336900,16600000,36356939977953,-1,36356944217091,36356945972137,36356946170379,36356947382171,36356948317555,36622,570475,36356948317555,36356948234547,36356966976531,36356947382171,
0,1625825,36356948302502,36356948302502,0,36356949890106,36356949893564,36356950940561,36356951101898,36356964902502,36356949876719,8333202,16600000,36356948302502,-1,36356951248423,36356952303965,36356952436777,36356953875701,36356954374033,24373,373617,36356954047495,36356954374033,36356975347503,36356953875701,
0,1625833,36356956602308,36356956602308,0,36356957225026,36356957226979,36356958021860,36356958105356,36356973202308,36356957218800,8334282,16600000,36356956602308,-1,36356958183603,36356958652069,36356958722381,36356959275075,36356961077972,10946,266723,36356961077972,36356959609059,36356983704518,36356959275075,
0,1625841,36356964949562,36356964949562,0,36356965487314,36356965490244,36356965904510,36356965985239,36356981549562,36356965479054,8333161,16600000,36356964949562,-1,36356966066579,36356966679372,36356966767099,36356967312591,36356968090952,14241,306031,36356968090952,36356967701182,36356992010060,36356967312591,
0,1625849,36356973267853,36356973267853,0,36356974572601,36356974577036,36356975403330,36356975597707,36356989867853,36356974558319,8332127,16600000,36356973267853,-1,36356975772918,36356976829640,36356976933929,36356978304779,36356978954355,27385,489583,36356978429534,36356978954355,36357000369272,36356978304779,
0,1625857,36356981581609,36356981581609,0,36356982537567,36356982540130,36356983326263,36356983445241,36356998181609,36356982529347,8332057,16600000,36356981581609,-1,36356983560190,36356984204355,36356984271657,36356984858489,36356986392018,15380,540202,36356986392018,36356985500620,36357008675262,36356984858489,
0,1625865,36356989914790,36356989914790,0,36356991235849,36356991238250,36356991590627,36356991679982,36357006514790,36356991228200,8332390,16600000,36356989914790,-1,36356991885386,36356992580454,36356992653574,36356993318369,36356993960052,14893,529704,36356993702728,36356993960052,36357017071665,36356993318369,
0,1625873,36356998252033,36356998252033,0,36356998926442,36356998929616,36356999442189,36356999558034,36357014852033,36356998916758,8332259,16600000,36356998252033,-1,36356999672902,36357000453419,36357000524993,36357001196136,36357001914560,17497,435222,36357001914560,36357001730600,36357025335784,36357001196136,
0,1625881,36357006578981,36357006578981,0,36357007716481,36357007719696,36357008248830,36357008369435,36357023178981,36357007706186,8331703,16600000,36357006578981,-1,36357008486541,36357009209442,36357009341725,36357010171600,36357010748545,19898,448080,36357010560597,36357010748545,36357033808115,36357010171600,
0,1625889,36357014906552,36357014906552,0,36357016336476,36357016338958,36357016873219,36357017022430,36357031506552,36357016326426,8331032,16600000,36357014906552,-1,36357017174041,36357018331634,36357018467173,36357019949839,36357021691416,32186,1592285,36357020324961,36357021691416,36357042027557,36357019949839,
0,1625897,36357023230222,36357023230222,0,36357024922861,36357024926523,36357025537485,36357025667409,36357039830222,36357024910451,8331485,16600000,36357023230222,-1,36357025789398,36357026580820,36357026709930,36357027696095,36357028576222,21078,735352,36357028103281,36357028576222,36357050355397,36357027696095,
0,1625905,36357031572635,36357031572635,0,36357033008961,36357033012298,36357033532643,36357033661427,36357048172635,36357032997202,8330923,16600000,36357031572635,-1,36357033787363,36357034572764,36357034701914,36357035516774,36357036611582,18067,670573,36357036611582,36357036302500,36357058658579,36357035516774,
0,1625913,36357039896711,36357039896711,0,36357040678965,36357040681610,36357041190765,36357041274790,36357056496711,36357040673594,8335253,16600000,36357039896711,-1,36357041365325,36357042027313,36357042133392,36357042837697,36357044610565,20956,416586,36357044610565,36357043368947,36357067069142,36357042837697,
0,1625921,36357048289572,36357048289572,0,36357049279225,36357049283945,36357050098439,36357050280690,36357064889572,36357049265024,8335309,16600000,36357048289572,-1,36357050443247,36357052131642,36357052730194,36357053950775,36357055553232,35685,1394531,36357054474334,36357055553232,36357075364512,36357053950775,
0,1625929,36357056623459,36357056623459,0,36357057628428,36357057631520,36357058119801,36357058306894,36357073223459,36357057618947,8334512,16600000,36357056623459,-1,36357058781829,36357059635142,36357059743133,36357060575693,36357061468963,17700,767700,36357061460581,36357061468963,36357083670013,36357060575693,
0,1625945,36357073262677,36357073262677,0,36357074149627,36357074151092,36357074541717,36357074625376,36357089862677,36357074145802,8334177,16600000,36357073262677,-1,36357074702443,36357076494598,36357076926361,36357078841033,36357080358123,33773,1016236,36357079568206,36357080358123,36357100321339,36357078841033,
0,1625953,36357081610102,36357081610102,0,36357082871063,36357082874521,36357083384857,36357083488006,36357098210102,36357082861094,8334768,16600000,36357081610102,-1,36357083688283,36357084164683,36357084200002,36357084548187,36357085436045,7568,211466,36357085436045,36357084816660,36357108633636,36357084548187,
0,1625961,36357089950133,36357089950133,0,36357091025400,36357091028086,36357091502817,36357091593963,36357106550133,36357091017425,8334768,16600000,36357089950133,-1,36357091684865,36357092100555,36357092150400,36357092453826,36357093706837,7934,189087,36357093706837,36357092685719,36357116991668,36357092453826,
0,1625969,36357098284901,36357098284901,0,36357098895355,36357098898447,36357098901418,36357099004770,36357114884901,36357098885996,8334650,16600000,36357098284901,-1,36357099114471,36357099582366,36357099627248,36357099949839,36357101131764,9766,248494,36357101131764,36357100253875,36357125324880,36357099949839,
0,1625977,36357106614304,36357106614304,0,36357107374806,36357107378835,36357107381805,36357107509328,36357123214304,36357107366343,8333450,16600000,36357106614304,-1,36357107647104,36357108343963,36357108428354,36357109342295,36357109982716,17660,357788,36357109982716,36357109817026,36357133714284,36357109342295,
0,1625985,36357114928900,36357114928900,0,36357115621144,36357115624725,36357115627451,36357115736094,36357131528900,36357115611501,8332062,16600000,36357114928900,-1,36357115850148,36357116685190,36357116761566,36357117722544,36357118237599,21159,404053,36357118138682,36357118237599,36357142018442,36357117722544,
0,1625993,36357123239486,36357123239486,0,36357123948415,36357123950937,36357123953542,36357124092987,36357139839486,36357123940521,8331945,16600000,36357123239486,-1,36357124191050,36357124793467,36357124864552,36357125810923,36357126231536,15910,336711,36357126174082,36357126231536,36357150333262,36357125810923,
0,1626002,36357164896247,36357164896247,0,36357165762298,36357165768361,36357165772796,36357165960703,36357181496247,36357165748504,8331646,16600000,36357164896247,-1,36357166160614,36357167075897,36357167190439,36357168519215,36357169281341,36092,589192,36357168928029,36357169281341,36357192074635,36357168519215,
0,1626018,36357231540427,36357231540427,0,36357232683766,36357232694264,36357232698862,36357232983490,36357248140427,36357232662404,8331212,16600000,36357231540427,-1,36357233295827,36357234422129,36357234614512,36357236419972,36357237498667,49724,914551,36357237472015,36357237498667,36357258707733,36357236419972,
0,1626026,36357239871639,36357239871639,0,36357240427948,36357240429412,36357240430226,36357240488250,36357256471639,36357240421803,8331212,16600000,36357239871639,-1,36357240552093,36357241627410,36357241749074,36357242919403,36357243635060,19572,630738,36357243425669,36357243635060,36357267038014,36357242919403,
0,1626034,36357248202851,36357248202851,0,36357249008514,36357249011484,36357249013885,36357249132904,36357264802851,36357248999521,8331212,16600000,36357248202851,-1,36357249257415,36357249737843,36357249775278,36357250181284,36357251147511,8504,319295,36357251147511,36357250544525,36357275380259,36357250181284,
0,1626042,36357256534063,36357256534063,0,36357257266815,36357257269582,36357257272105,36357257375620,36357273134063,36357257258473,8332162,16600000,36357256534063,-1,36357257493621,36357257814259,36357257845672,36357258171437,36357261212494,9847,253215,36357261212494,36357258480316,36357283734425,36357258171437,
0,1626050,36357264900588,36357264900588,0,36357265719614,36357265723195,36357265726816,36357265850514,36357281500588,36357265708587,8334760,16600000,36357264900588,-1,36357265984303,36357267445526,36357267809214,36357268835744,36357270035573,22583,593465,36357270035573,36357269885264,36357292043589,36357268835744,
0,1626058,36357273281208,36357273281208,0,36357274369354,36357274373057,36357274375498,36357274545379,36357289881208,36357274356618,8334670,16600000,36357273281208,-1,36357274716115,36357275763641,36357275905649,36357277199025,36357278747894,19653,1060221,36357278655324,36357278747894,36357300381398,36357277199025,
0,1626066,36357281615752,36357281615752,0,36357282604950,36357282609466,36357282613332,36357282783661,36357298215752,36357282590911,8336006,16600000,36357281615752,-1,36357282964243,36357285300018,36357285447153,36357287290456,36357288348521,34383,704427,36357287467987,36357288348521,36357308701182,36357287290456,
0,1626074,36357289966791,36357289966791,0,36357291267954,36357291272511,36357291276296,36357291418996,36357306566791,36357291254119,8336346,16600000,36357289966791,-1,36357291559458,36357293158132,36357293463796,36357294414683,36357295720184,22827,690226,36357295720184,36357295392181,36357317037119,36357294414683,
0,1626082,36357298308769,36357298308769,0,36357299121917,36357299124318,36357299126475,36357299233083,36357314908769,36357299113088,8336095,16600000,36357298308769,-1,36357299346161,36357300822520,36357300905039,36357301743215,36357302600230,14648,544068,36357302600230,36357302427134,36357325380666,36357301743215,
0,1626090,36357306643057,36357306643057,0,36357307383880,36357307384897,36357307385711,36357307429616,36357323243057,36357307380503,8335851,16600000,36357306643057,-1,36357307478485,36357308293589,36357308368092,36357309126231,36357309810964,18799,347819,36357309810964,36357309566823,36357333712900,36357309126231,
0,1626098,36357314975902,36357314975902,0,36357315457122,36357315458831,36357315459727,36357315504242,36357331575902,36357315453623,8335125,16600000,36357314975902,-1,36357315545542,36357316305877,36357316396006,36357317262664,36357317739675,19612,375000,36357317571828,36357317739675,36357342062306,36357317262664,
0,1626106,36357323302135,36357323302135,0,36357324194468,36357324198293,36357324202402,36357324335662,36357339902135,36357324180226,8334625,16600000,36357323302135,-1,36357324473927,36357325265024,36357325369395,36357326116261,36357327765472,22705,551839,36357327765472,36357326807586,36357350419321,36357326116261,
0,1626114,36357331631268,36357331631268,0,36357332400523,36357332403900,36357332407074,36357332518971,36357348231268,36357332391611,8334061,16600000,36357331631268,-1,36357332641571,36357333430715,36357333544932,36357334257700,36357336561289,19084,403646,36357336561289,36357334767344,36357358736501,36357334257700,
0,1626122,36357339952808,36357339952808,0,36357341297861,36357341301971,36357341305633,36357341461110,36357356552808,36357341283783,8334031,16600000,36357339952808,-1,36357341624847,36357343804657,36357343920745,36357345474863,36357347107228,30558,1430338,36357346066660,36357347107228,36357367072031,36357345474863,
0,1626130,36357348292725,36357348292725,0,36357349025441,36357349027150,36357349028167,36357349089813,36357364892725,36357349019663,8334281,16600000,36357348292725,-1,36357349159230,36357349792531,36357349856699,36357350308807,36357353507660,12085,296671,36357353507660,36357350676605,36357375377044,36357350308807,
0,1626138,36357356626800,36357356626800,0,36357357158254,36357357160003,36357357160858,36357357200205,36357373226800,36357357154673,8333263,16600000,36357356626800,-1,36357357249196,36357357599945,36357357632741,36357357934580,36357360346242,8545,193603,36357360346242,36357358183237,36357383788747,36357357934580,
0,1626146,36357364955487,36357364955487,0,36357365618052,36357365619720,36357365620737,36357365670257,36357381555487,36357365613088,8333620,16600000,36357364955487,-1,36357365719533,36357366236297,36357366282114,36357366711761,36357367549937,11475,267659,36357367549937,36357367062835,36357392043345,36357366711761,
0,1626154,36357373289872,36357373289872,0,36357373911183,36357373912607,36357373913503,36357373964040,36357389889872,36357373906463,8333913,16600000,36357373289872,-1,36357374015513,36357374456187,36357374495982,36357374883229,36357375968719,11759,216675,36357375968719,36357375164032,36357400488576,36357374883229,
0,1626162,36357381631032,36357381631032,0,36357382306569,36357382308278,36357382309255,36357382364471,36357398231032,36357382302297,8333661,16600000,36357381631032,-1,36357382417124,36357383075124,36357383123708,36357383611175,36357385629038,12451,268839,36357385629038,36357383959116,36357408744028,36357383611175,
0,1626170,36357389962102,36357389962102,0,36357390592010,36357390593475,36357390594655,36357390640513,36357406562102,36357390586680,8334634,16600000,36357389962102,-1,36357390681569,36357391482472,36357391531423,36357391959971,36357392484995,11027,290121,36357392484995,36357392313446,36357417127166,36357391959971,
0,1626178,36357398310457,36357398310457,0,36357399027313,36357399028534,36357399029592,36357399080210,36357414910457,36357399024302,8334270,16600000,36357398310457,-1,36357399125539,36357399573049,36357399625010,36357400120697,36357400738779,12044,268677,36357400738779,36357400459889,36357425370453,36357400120697,
0,1626186,36357406637522,36357406637522,0,36357407249603,36357407251312,36357407252980,36357407303599,36357423237522,36357407245453,8336918,16600000,36357406637522,-1,36357407355763,36357408172088,36357408224782,36357408785329,36357409675262,14974,304158,36357409675262,36357409191620,36357433709483,36357408785329,
0,1626195,36357423341752,36357423341752,0,36357423765025,36357423767303,36357423768727,36357423846730,36357439941752,36357423757985,8337088,16600000,36357423341752,-1,36357423920257,36357424588714,36357424635223,36357425070973,36357425894053,13468,281860,36357425894053,36357425439260,36357450421112,36357425070973,
0,1626203,36357431686593,36357431686593,0,36357432391205,36357432392466,36357432393524,36357432433237,36357448286593,36357432388600,8336297,16600000,36357431686593,-1,36357432468272,36357432896169,36357432930470,36357433275400,36357433839040,8016,212931,36357433839040,36357433542124,36357458762787,36357433275400,
0,1626219,36358181857494,36358181857494,-85471132,36358182951060,36358182956309,36358182958791,36358183101939,36358198457494,36358182938446,8335534,16600000,36358181857494,-1,36358183266571,36358184628835,36358184714447,36358185600393,36358189377818,34057,393148,36358189377818,36358186129690,36358208812470,36358185600393,
0,1626227,36358190193028,36358190193028,0,36358190929169,36358190930186,36358190931285,36358190983165,36358206793028,36358190924693,8333333,16600000,36358190193028,-1,36358191036957,36358191558685,36358191594737,36358191977875,36358192946096,10621,606892,36358192946096,36358192674774,36358217148082,36358191977875,
0,1626243,36358206632665,36358206632665,0,36358207341848,36358207344493,36358207345347,36358207410411,36358223232665,36358207336965,8333333,16600000,36358206632665,-1,36358207479787,36358207993988,36358208086639,36358208582774,36358209546112,13550,250203,36358209546112,36358208897593,36358233841360,36358208582774,
0,1626252,36358223299331,36358223299331,0,36358224369924,36358224372732,36358224374929,36358224480682,36358239899331,36358224361908,8333333,16600000,36358223299331,-1,36358224591156,36358225317515,36358225431488,36358226066986,36358226850596,16602,496256,36358226850596,36358226672577,36358250439585,36358226066986,
0,1626275,36358290068516,36358290068516,-404647768,36358290778941,36358290781301,36358291143321,36358291318329,36358306668516,36358290772024,8340828,16600000,36358290068516,-1,36358291512787,36358292310720,36358292420054,36358293454804,36358296602387,29338,459595,36358296602387,36358294048309,36358317155080,36358293454804,
0,1626283,36358298409344,36358298409344,0,36358299298554,36358299300873,36358299674734,36358299777517,36358315009344,36358299292002,8340828,16600000,36358298409344,-1,36358299881643,36358300447032,36358300510183,36358301101776,36358304898529,13549,330892,36358304898529,36358301505341,36358325467458,36358301101776,
0,1626291,36358306750172,36358306750172,0,36358307626801,36358307628917,36358307988780,36358308146739,36358323350172,36358307621430,8340828,16600000,36358306750172,-1,36358308217580,36358308955780,36358309029592,36358309630503,36358311241791,16316,346517,36358311241791,36358310067434,36358333864472,36358309630503,
0,1626299,36358315091000,36358315091000,0,36358315766164,36358315769053,36358316296316,36358316412811,36358331691000,36358315756399,8340571,16600000,36358315091000,-1,36358316530162,36358317155162,36358317241099,36358317874848,36358323136892,14648,451293,36358323136892,36358318437470,36358342181407,36358317874848,
0,1626307,36358323434572,36358323434572,0,36358325005870,36358325008637,36358325471364,36358325590953,36358340034572,36358324996104,8339910,16600000,36358323434572,-1,36358325718516,36358326670298,36358326721364,36358327379039,36358329882945,14200,484213,36358329882945,36358328092092,36358350462738,36358327379039,
0,1626315,36358331756575,36358331756575,0,36358333671641,36358333675344,36358334478445,36358334659149,36358348356575,36358333659353,8338817,16600000,36358331756575,-1,36358334839162,36358335441905,36358335501475,36358336447601,36358337525930,15991,889363,36358337104258,36358337525930,36358358843272,36358336447601,
0,1626323,36358340084105,36358340084105,0,36358341151459,36358341155080,36358341882986,36358342058034,36358356684105,36358341140188,8339938,16600000,36358340084105,-1,36358342222870,36358342772634,36358342843231,36358343310313,36358346001434,13306,356364,36358346001434,36358343754975,36358367138275,36358343310313,
0,1626331,36358348436629,36358348436629,0,36358349086029,36358349087413,36358349332652,36358349380626,36358365036629,36358349082082,8340030,16600000,36358348436629,-1,36358349425629,36358350766124,36358350853485,36358351429291,36358353203135,15625,947306,36358353203135,36358352468435,36358375524872,36358351429291,
0,1626339,36358356778359,36358356778359,0,36358357962820,36358357965709,36358358426850,36358358529429,36358373378359,36358357954763,8339105,16600000,36358356778359,-1,36358358630056,36358359645396,36358359714976,36358360246185,36358360892263,13265,521199,36358360892263,36358360890717,36358383799408,36358360246185,
0,1626347,36358365105371,36358365105371,0,36358365731822,36358365734426,36358366664317,36358366772186,36358381705371,36358365723521,8339103,16600000,36358365105371,-1,36358366876516,36358367687999,36358367796234,36358368307017,36358369414114,13916,365113,36358369414114,36358368783539,36358392110891,36358368307017,
0,1626355,36358373440802,36358373440802,0,36358374978160,36358374981374,36358375878428,36358376152720,36358390040802,36358374967621,8338551,16600000,36358373440802,-1,36358376313975,36358377125906,36358377274017,36358378480927,36358379548879,20019,770060,36358379119558,36358379548879,36358400487803,36358378480927,
0,1626363,36358381769881,36358381769881,0,36358382577973,36358382580943,36358383075165,36358383187144,36358398369881,36358382569875,8338693,16600000,36358381769881,-1,36358383289887,36358384203990,36358384295665,36358385177663,36358385784312,16968,490560,36358385614024,36358385784312,36358408922781,36358385177663,
0,1626371,36358390110714,36358390110714,0,36358391129323,36358391131439,36358391522186,36358391614431,36358406710714,36358391122691,8338151,16600000,36358390110714,-1,36358391703257,36358392551850,36358392616710,36358393216034,36358393740326,16235,418498,36358393669118,36358393740326,36358417166107,36358393216034,
0,1626379,36358398438798,36358398438798,0,36358399218069,36358399220551,36358399718272,36358399807261,36358415038798,36358399209239,8337436,16600000,36358398438798,-1,36358399883515,36358400560110,36358400651744,36358401528819,36358402001638,23519,366373,36358401889903,36358402001638,36358425470673,36358401528819,
0,1626387,36358406761490,36358406761490,0,36358407576833,36358407580495,36358408181488,36358408312348,36358423361490,36358407566823,8337049,16600000,36358406761490,-1,36358408441823,36358409319306,36358409412649,36358410213308,36358410834076,22949,480753,36358410834076,36358410809865,36358433793956,36358410213308,
0,1626395,36358415092729,36358415092729,0,36358416398733,36358416402842,36358417112641,36358417278738,36358431692729,36358416387177,8337508,16600000,36358415092729,-1,36358417442922,36358418651866,36358419191905,36358421311534,36358422318655,34139,675863,36358421794363,36358422318655,36358442141368,36358421311534,
0,1626403,36358423443131,36358423443131,0,36358424293915,36358424296601,36358424754120,36358424861623,36358440043131,36358424285736,8336811,16600000,36358423443131,-1,36358424967621,36358425645559,36358425731171,36358426288707,36358428632375,18229,392415,36358428632375,36358426782237,36358450492198,36358426288707,
0,1626411,36358431770918,36358431770918,0,36358432971649,36358432974457,36358433452810,36358433563935,36358448370918,36358432962738,8336129,16600000,36358431770918,-1,36358433668874,36358434455740,36358434550141,36358435114594,36358435679332,16887,455607,36358435656342,36358435679332,36358458801036,36358435114594,
0,1626419,36358440095640,36358440095640,0,36358440731212,36358440735077,36358441218069,36358441330007,36358456695640,36358440721568,8334655,16600000,36358440095640,-1,36358441447886,36358442034312,36358442086802,36358442751150,36358444696177,15015,417928,36358444696177,36358443291718,36358467150645,36358442751150,
0,1626427,36358448410565,36358448410565,0,36358449359589,36358449364146,36358450120412,36358450293549,36358465010565,36358449347016,8334262,16600000,36358448410565,-1,36358450459646,36358451453868,36358451724376,36358452934377,36358454194916,30843,499553,36358454194916,36358453945852,36358475489594,36358452934377,
0,1626435,36358456736189,36358456736189,0,36358457391775,36358457394460,36358457885468,36358457998790,36358473336189,36358457383270,8332780,16600000,36358456736189,-1,36358458106822,36358458654877,36358458863251,36358459643484,36358461668427,132121,574422,36358461668427,36358460313853,36358483832571,36358459643484,
0,1626443,36358465051008,36358465051008,0,36358465693166,36358465696299,36358466169932,36358466257538,36358481651008,36358465685883,8332450,16600000,36358465051008,-1,36358466346690,36358467506765,36358467599131,36358468545787,36358469445241,19776,387410,36358469445241,36358469215831,36358492180959,36358468545787,
0,1626451,36358473378285,36358473378285,0,36358474341807,36358474345632,36358475086680,36358475354828,36358489978285,36358474330536,8332484,16600000,36358473378285,-1,36358475451345,36358476797577,36358476896210,36358477877940,36358478478445,25309,502971,36358478449636,36358478478445,36358500533498,36358477877940,
0,1626459,36358481711325,36358481711325,0,36358482379690,36358482383108,36358483483165,36358483614146,36358498311325,36358482369680,8332601,16600000,36358481711325,-1,36358483936941,36358484918142,36358484998017,36358485729991,36358488110932,20060,293375,36358488110932,36358486116099,36358508893769,36358485729991,
0,1626467,36358490045916,36358490045916,0,36358491201996,36358491206106,36358492291880,36358492489105,36358506645916,36358491189097,8332712,16600000,36358490045916,-1,36358492668101,36358493420217,36358493492808,36358494136526,36358496294647,19491,463908,36358496294647,36358494728770,36358517194346,36358494136526,
0,1626475,36358498381400,36358498381400,0,36358499944061,36358499948822,36358501244965,36358501417084,36358514981400,36358499928599,8332690,16600000,36358498381400,-1,36358501676402,36358502453257,36358502546967,36358503855276,36358504693207,20264,659342,36358503951996,36358504693207,36358525500417,36358503855276,
0,1626483,36358506716756,36358506716756,0,36358508635590,36358508638804,36358509174123,36358509272919,36358523316756,36358508626841,8333879,16600000,36358506716756,-1,36358509365408,36358511209402,36358511367361,36358513490692,36358514385508,25675,767050,36358513734711,36358514385508,36358533861542,36358513490692,
0,1626491,36358515067448,36358515067448,0,36358516406016,36358516408783,36358516964732,36358517415416,36358531667448,36358516397186,8335189,16600000,36358515067448,-1,36358517536021,36358518244924,36358518345062,36358519046478,36358519975881,15137,414754,36358519975881,36358519585215,36358542194346,36358519046478,
0,1626499,36358523422061,36358523422061,0,36358524480154,36358524483165,36358525328257,36358525544241,36358540022061,36358524471365,8335142,16600000,36358523422061,-1,36358525649953,36358526246674,36358526339854,36358527044078,36358528561900,13346,419393,36358528561900,36358527575857,36358550500132,36358527044078,
0,1626507,36358531757960,36358531757960,0,36358533017182,36358533156708,36358534094005,36358534241628,36358548357960,36358533006033,8335353,16600000,36358531757960,-1,36358534527720,36358535232961,36358535354055,36358536327362,36358536900401,21036,431560,36358536795258,36358536900401,36358558844086,36358536327362,
0,1626515,36358540093877,36358540093877,0,36358541236420,36358541240245,36358542369517,36358542505178,36358556693877,36358541225393,8335370,16600000,36358540093877,-1,36358542633352,36358543422496,36358543554006,36358544414683,36358545009939,15706,452718,36358544821625,36358545009939,36358567180634,36358544414683,
0,1626523,36358548430286,36358548430286,0,36358550249604,36358550252737,36358550738576,36358550850881,36358565030286,36358550239024,8336136,16600000,36358548430286,-1,36358550964122,36358552646576,36358552785167,36358554121308,36358555176809,189941,868571,36358554671804,36358555176809,36358575512258,36358554121308,
0,1626539,36358565101769,36358565101769,0,36358566643687,36358566646576,36358567237315,36358567362112,36358581701769,36358566630178,8334770,16600000,36358565101769,-1,36358567480683,36358567982147,36358568073700,36358568453339,36358570443899,10864,216838,36358570443899,36358568739675,36358592176687,36358568453339,
0,1626547,36358573426756,36358573426756,0,36358574086640,36358574089366,36358574880544,36358574971690,36358590026756,36358574078461,8334598,16600000,36358573426756,-1,36358575070567,36358575257457,36358575340180,36358576248139,36358578019949,17904,371785,36358578019949,36358576730194,36358600524506,36358576248139,
0,1626555,36358581758903,36358581758903,0,36358582910167,36358582915945,36358582919770,36358583077647,36358598358903,36358582896739,8334598,16600000,36358581758903,-1,36358583248017,36358584427216,36358584581472,36358585809499,36358586586843,26652,648600,36358586189138,36358586586843,36358608850556,36358585809499,
0,1626563,36358590093501,36358590093501,0,36358590770884,36358590772471,36358590773489,36358590833751,36358606693501,36358590764944,8335968,16600000,36358590093501,-1,36358590898041,36358591875377,36358591954275,36358592638113,36358593099783,18229,333822,36358593099783,36358593061697,36358617184947,36358592638113,
0,1626571,36358598444210,36358598444210,0,36358599592702,36358599595673,36358599597748,36358599680674,36358615044210,36358599586029,8335932,16600000,36358598444210,-1,36358599767060,36358600681977,36358600768891,36358602631562,36358603354218,19287,433065,36358603108612,36358603354218,36358625536387,36358602631562,
0,1626579,36358606777385,36358606777385,0,36358607434906,36358607440115,36358607444387,36358607570242,36358623377385,36358607423228,8335670,16600000,36358606777385,-1,36358607706920,36358608167979,36358608208384,36358608721202,36358609429413,12696,197957,36358609429413,36358608974050,36358633856008,36358608721202,
0,1626587,36358615109245,36358615109245,0,36358616091604,36358616095876,36358616099132,36358616218598,36358631709245,36358615818533,8335091,16600000,36358615109245,-1,36358616611501,36358616933197,36358616970551,36358617277680,36358619600149,9155,208862,36358619600149,36358617541392,36358642221975,36358617277680,
0,1626595,36358623436404,36358623436404,0,36358624953868,36358624958466,36358624962169,36358625089651,36358640036404,36358624942108,8334675,16600000,36358623436404,-1,36358625225352,36358625599823,36358625673879,36358626076020,36358626570608,8464,207031,36358626570608,36358626338308,36358650540863,36358626076020,
0,1626603,36358631765464,36358631765464,0,36358633147756,36358633151744,36358633155650,36358633284027,36358648365464,36358633137217,8334715,16600000,36358631765464,-1,36358633412445,36358633796112,36358633832937,36358634201996,36358634665578,8667,218180,36358634665578,36358634482351,36358658849213,36358634201996,
0,1626611,36358640101549,36358640101549,0,36358642377370,36358642382416,36358642386566,36358642550019,36358656701549,36358642363454,8334157,16600000,36358640101549,-1,36358642714040,36358643994761,36358644270396,36358645506643,36358646287771,34017,583984,36358646005056,36358646287771,36358667202362,36358645506643,
0,1626619,36358648429081,36358648429081,0,36358649056122,36358649057424,36358649058279,36358649101003,36358665029081,36358649051972,8334201,16600000,36358648429081,-1,36358649150116,36358649744843,36358649849335,36358650531871,36358651413422,15462,537435,36358651413422,36358651296723,36358675550344,36358650531871,
0,1626627,36358656766606,36358656766606,0,36358657412161,36358657415538,36358657419281,36358657828135,36358673366606,36358657401500,8334034,16600000,36358656766606,-1,36358658084483,36358658540090,36358658599416,36358658966726,36358659576101,11678,238241,36358659576101,36358659261729,36358683894338,36358658966726,
0,1626635,36358665099938,36358665099938,0,36358665856619,36358665860281,36358665863658,36358665973765,36358681699938,36358665846039,8333608,16600000,36358665099938,-1,36358666089162,36358666469615,36358666533051,36358666966441,36358667408214,8463,223674,36358667408214,36358667247121,36358692219737,36358666966441,
0,1626643,36358673427657,36358673427657,0,36358674481293,36358674485525,36358674489431,36358674631114,36358690027657,36358674468313,8333634,16600000,36358673427657,-1,36358674801768,36358675437633,36358675482880,36358675892589,36358677994070,11149,334066,36358677994070,36358676298269,36358700540456,36358675892589,
0,1626651,36358681762436,36358681762436,0,36358682696055,36358682700369,36358682704356,36358682854421,36358698362436,36358682684174,8334096,16600000,36358681762436,-1,36358683021698,36358683540823,36358683586355,36358684129812,36358684568411,12370,267863,36358684568411,36358684469940,36358708882538,36358684129812,
0,1626659,36358690103504,36358690103504,0,36358691818166,36358691822357,36358691826142,36358691999929,36358706703504,36358691804739,8335066,16600000,36358690103504,-1,36358692562958,36358693031667,36358693072561,36358693449351,36358695350474,8057,193970,36358695350474,36358693695771,36358717183848,36358693449351,
0,1626667,36358698451281,36358698451281,0,36358699053192,36358699054454,36358699055349,36358699094249,36358715051281,36358699049246,8335468,16600000,36358698451281,-1,36358699139089,36358699802786,36358699909719,36358700991343,36358701607717,19857,474650,36358701383271,36358701607717,36358725604706,36358700991343,
0,1626682,36358706788877,36358706788877,0,36358707866221,36358707870738,36358707875092,36358708168223,36358723388877,36358707851370,8335276,16600000,36358706788877,-1,36358708349905,36358709554210,36358709732270,36358710961111,36358712488373,32145,625895,36358712488373,36358711746389,36358733886038,36358710961111,
0,1626690,36358715124153,36358715124153,0,36358715828380,36358715995046,36358715997773,36358716330821,36358731724153,36358715819468,8335561,16600000,36358715124153,-1,36358716545705,36358716969534,36358717015066,36358717379039,36358717933035,7731,214600,36358717933035,36358717655406,36358742227387,36358717379039,
0,1626698,36358723462643,36358723462643,0,36358724278819,36358724282685,36358724286510,36358724423798,36358740062643,36358724267019,8335397,16600000,36358723462643,-1,36358724560150,36358725057790,36358725105439,36358725581147,36358726100149,10864,216390,36358726100149,36358725850434,36358750528127,36358725581147,
0,1626706,36358731792929,36358731792929,0,36358732911998,36358732918956,36358732923676,36358733104543,36358748392929,36358732896047,8335989,16600000,36358731792929,-1,36358733290782,36358733867483,36358733966319,36358734701996,36358735050873,13103,281087,36358734963878,36358735050873,36358758867564,36358734701996,
0,1626714,36358740140061,36358740140061,0,36358741014049,36358741018524,36358741022268,36358741172333,36358756740061,36358741000906,8335912,16600000,36358740140061,-1,36358741339285,36358742036469,36358742096609,36358743007375,36358743566498,15747,469156,36358743319143,36358743566498,36358767218069,36358743007375,
0,1626722,36358748474236,36358748474236,0,36358749446096,36358749449677,36358749452729,36358749569916,36358765074236,36358749434337,8335938,16600000,36358748474236,-1,36358749708222,36358750074107,36358750108572,36358750432343,36358751081147,9643,248820,36358751081147,36358750743459,36358775567149,36358750432343,
0,1626730,36358756810155,36358756810155,0,36358757310435,36358757311859,36358757312755,36358757357432,36358773410155,36358757306610,8335401,16600000,36358756810155,-1,36358757406342,36358757752330,36358757796072,36358758110037,36358759473440,9644,213175,36358759473440,36358758380585,36358783889944,36358758110037,
0,1626738,36358765136366,36358765136366,0,36358765825531,36358765828868,36358765831350,36358765985362,36358781736366,36358765812999,8334853,16600000,36358765136366,-1,36358766129853,36358766738048,36358766787974,36358767339285,36358767856090,10051,289510,36358767856090,36358767710867,36358792227224,36358767339285,
0,1626746,36358773462964,36358773462964,0,36358774209402,36358774213186,36358774216685,36358774373139,36358790062964,36358774196381,8334744,16600000,36358773462964,-1,36358774537486,36358775109386,36358775140188,36358775553477,36358775903127,7894,231974,36358775903127,36358775836721,36358800526256,36358775553477,
0,1626754,36358781796061,36358781796061,0,36358782517711,36358782520803,36358782523529,36358782660167,36358798396061,36358782507253,8334703,16600000,36358781796061,-1,36358782795909,36358783712657,36358783783458,36358784399791,36358784848969,16561,352295,36358784848969,36358784831716,36358808907766,36358784399791,
0,1626762,36358790131296,36358790131296,0,36358791668671,36358791672048,36358791675141,36358791797577,36358806731296,36358791658214,8334454,16600000,36358790131296,-1,36358791931936,36358793102590,36358793214122,36358794563284,36358795393565,24740,519531,36358795393565,36358795243215,36358817257782,36358794563284,
0,1626770,36358798462935,36358798462935,0,36358799187836,36358799190725,36358799194062,36358799300059,36358815062935,36358799177826,8334490,16600000,36358798462935,-1,36358799411591,36358800982432,36358801099050,36358801962454,36358803100027,15666,728800,36358803100027,36358802914643,36358825563935,36358801962454,
0,1626778,36358806797999,36358806797999,0,36358807866303,36358807869558,36358807872406,36358807972585,36358823397999,36358807856863,8333783,16600000,36358806797999,-1,36358808160411,36358809477265,36358809623708,36358810404429,36358812275605,24292,730591,36358812275605,36358811277436,36356900386850,36358810404429,
0,1626786,36358815121260,36358815121260,0,36358815717784,36358815719127,36358815720103,36358815773896,36358831721260,36358815713552,8334273,16600000,36358815121260,-1,36358815832611,36358816107188,36358816228485,36358817491425,36358818751394,38819,537842,36358818751394,36358818184947,36356908735280,36358817491425,
0,1626794,36358823462655,36358823462655,0,36358824648774,36358824652843,36358824656749,36358824781464,36358840062655,36358824637950,8334746,16600000,36358823462655,-1,36358824924978,36358825791962,36358825926972,36358826927338,36358827560395,22339,462768,36358827358938,36358827560395,36356917045379,36358826927338,
0,1626802,36358831805359,36358831805359,0,36358832617035,36358832620494,36358832623993,36358832750946,36358848405359,36358832606334,8334360,16600000,36358831805359,-1,36358832880056,36358833613170,36358833755463,36358834563324,36358835114960,17741,436605,36358835005422,36358835114960,36356925323984,36358834563324,
0,1626811,36358848477721,36358848477721,0,36358849193736,36358849200409,36358849204356,36358849367035,36358865077721,36358849180878,8334412,16600000,36358848477721,-1,36358849614838,36358850148407,36358850210989,36358850718516,36358851480805,12898,312500,36358851480805,36358851116954,36356933660939,36358850718516,
0,1626820,36358948494005,36358948494005,0,36358949943004,36358949956594,36358949964122,36358950334320,36358965094005,36358949913137,8334848,16600000,36358948494005,-1,36358950711681,36358952482107,36358952746389,36358954601166,36358955627655,60547,809204,36358955527273,36358955627655,36356942049041,36358954601166,
---PROFILEDATA---


View hierarchy:

  org.ultimatemaps.spike.maplibre/org.ultimatemaps.spike.MainActivity/android.view.ViewRootImpl@e356de4
  10 views, 17,26 kB of render nodes


Total ViewRootImpl   : 1
Total attached Views : 10
Total RenderNode     : 17,26 kB (used) / 52,80 kB (capacity)

