Applications Graphics Acceleration Info:
Uptime: 36418101 Realtime: 36418101

** Graphics info for pid 11925 [org.ultimatemaps.spike.maplibre] **

Stats since: 36408296495762ns
Total frames rendered: 235
Janky frames: 0 (0.00%)
Janky frames (legacy): 1 (0.43%)
50th percentile: 5ms
90th percentile: 5ms
95th percentile: 5ms
99th percentile: 6ms
Number Missed Vsync: 0
Number High input latency: 0
Number Slow UI thread: 0
Number Slow bitmap uploads: 0
Number Slow issue draw commands: 0
Number Frame deadline missed: 0
Number Frame deadline missed (legacy): 1
HISTOGRAM: 5ms=230 6ms=3 7ms=1 8ms=0 9ms=0 10ms=0 11ms=1 12ms=0 13ms=0 14ms=0 15ms=0 16ms=0 17ms=0 18ms=0 19ms=0 20ms=0 21ms=0 22ms=0 23ms=0 24ms=0 25ms=0 26ms=0 27ms=0 28ms=0 29ms=0 30ms=0 31ms=0 32ms=0 34ms=0 36ms=0 38ms=0 40ms=0 42ms=0 44ms=0 46ms=0 48ms=0 53ms=0 57ms=0 61ms=0 65ms=0 69ms=0 73ms=0 77ms=0 81ms=0 85ms=0 89ms=0 93ms=0 97ms=0 101ms=0 105ms=0 109ms=0 113ms=0 117ms=0 121ms=0 125ms=0 129ms=0 133ms=0 150ms=0 200ms=0 250ms=0 300ms=0 350ms=0 400ms=0 450ms=0 500ms=0 550ms=0 600ms=0 650ms=0 700ms=0 750ms=0 800ms=0 850ms=0 900ms=0 950ms=0 1000ms=0 1050ms=0 1100ms=0 1150ms=0 1200ms=0 1250ms=0 1300ms=0 1350ms=0 1400ms=0 1450ms=0 1500ms=0 1550ms=0 1600ms=0 1650ms=0 1700ms=0 1750ms=0 1800ms=0 1850ms=0 1900ms=0 1950ms=0 2000ms=0 2050ms=0 2100ms=0 2150ms=0 2200ms=0 2250ms=0 2300ms=0 2350ms=0 2400ms=0 2450ms=0 2500ms=0 2550ms=0 2600ms=0 2650ms=0 2700ms=0 2750ms=0 2800ms=0 2850ms=0 2900ms=0 2950ms=0 3000ms=0 3050ms=0 3100ms=0 3150ms=0 3200ms=0 3250ms=0 3300ms=0 3350ms=0 3400ms=0 3450ms=0 3500ms=0 3550ms=0 3600ms=0 3650ms=0 3700ms=0 3750ms=0 3800ms=0 3850ms=0 3900ms=0 3950ms=0 4000ms=0 4050ms=0 4100ms=0 4150ms=0 4200ms=0 4250ms=0 4300ms=0 4350ms=0 4400ms=0 4450ms=0 4500ms=0 4550ms=0 4600ms=0 4650ms=0 4700ms=0 4750ms=0 4800ms=0 4850ms=0 4900ms=0 4950ms=0
50th gpu percentile: 2ms
90th gpu percentile: 4ms
95th gpu percentile: 4ms
99th gpu percentile: 5ms
GPU HISTOGRAM: 1ms=90 2ms=81 3ms=27 4ms=31 5ms=6 6ms=0 7ms=0 8ms=0 9ms=0 10ms=0 11ms=0 12ms=0 13ms=0 14ms=0 15ms=0 16ms=0 17ms=0 18ms=0 19ms=0 20ms=0 21ms=0 22ms=0 23ms=0 24ms=0 25ms=0 4950ms=0

Pipeline=Skia (Vulkan)
Memory policy:
  Max surface area: 2592000
  Max resource usage: 124.42MB (x48)
  Background retention: 50% (altUiHidden = true)
  GPU Context timeout: 10
Contexts: 1 (stopped = 0)
CPU Caches:
  Glyph Cache: 0.00 bytes (1 entry)
  Glyph Count: 0 
Total CPU memory usage:
  0 bytes, 0.00 bytes (0.00 bytes is purgeable)
GPU Caches:
  Other:
    Other: 0.00 bytes (1 entry)
  Image:
    Surface: 127.97 KB (3 entries)
  Scratch:
    Buffer Object: 128.00 KB (3 entries)
    Surface: 98.88 MB (23 entries)
Layer Info:
    VkLayer size 1080x2400
  Layers Total         10125.00 KB (numLayers = 1)
Total GPU memory usage:
  103942112 bytes, 99.13 MB (255.97 KB is purgeable)
Pipeline Cache: inactiveTextureView: 1080x2400

GraphicBufferAllocator buffers:
            Handle |         Size |     W (Stride) x H | Layers |   Format |      Usage | Requestor
0xb400007b0bdd8370 | 10200.00 KiB | 1080 (1088) x 2400 |      1 |        1 | 0x     b00 | VRI[MainActivity]#0(BLAST Consumer)0
0xb400007b0be37f30 | 10200.00 KiB | 1080 (1088) x 2400 |      1 |        1 | 0x     300 | SurfaceTexture-0-11925-0
0xb400007b0be3ab30 | 10200.00 KiB | 1080 (1088) x 2400 |      1 |        1 | 0x     300 | SurfaceTexture-0-11925-0
0xb400007b0be7d370 | 10200.00 KiB | 1080 (1088) x 2400 |      1 |        1 | 0x     300 | SurfaceTexture-0-11925-0
0xb400007b0be7fcb0 | 10200.00 KiB | 1080 (1088) x 2400 |      1 |        1 | 0x     300 | SurfaceTexture-0-11925-0
0xb400007b0be82a10 | 10200.00 KiB | 1080 (1088) x 2400 |      1 |        1 | 0x     b00 | VRI[MainActivity]#0(BLAST Consumer)0
0xb400007b0be83a90 | 10200.00 KiB | 1080 (1088) x 2400 |      1 |        1 | 0x     b00 | VRI[MainActivity]#0(BLAST Consumer)0
0xb400007b0be83bf0 | 10200.00 KiB | 1080 (1088) x 2400 |      1 |        1 | 0x     b00 | VRI[MainActivity]#0(BLAST Consumer)0
0xb400007b0be84b10 | 10200.00 KiB | 1080 (1088) x 2400 |      1 |        1 | 0x     b00 | VRI[MainActivity]#0(BLAST Consumer)0
0xb400007b0be84dd0 | 10200.00 KiB | 1080 (1088) x 2400 |      1 |        1 | 0x     300 | SurfaceTexture-0-11925-0
Total allocated by GraphicBufferAllocator (estimate): 102000.00 KB
Imported gralloc buffers:
Total imported by gralloc: 0KiB

Profile data in ms:

	org.ultimatemaps.spike.maplibre/org.ultimatemaps.spike.MainActivity/android.view.ViewRootImpl@5304d77 (visibility=0)
Window: org.ultimatemaps.spike.maplibre/org.ultimatemaps.spike.MainActivity
Stats since: 36408296493931ns
Total frames rendered: 235
Janky frames: 0 (0.00%)
Janky frames (legacy): 1 (0.43%)
50th percentile: 5ms
90th percentile: 5ms
95th percentile: 5ms
99th percentile: 6ms
Number Missed Vsync: 0
Number High input latency: 0
Number Slow UI thread: 0
Number Slow bitmap uploads: 0
Number Slow issue draw commands: 0
Number Frame deadline missed: 0
Number Frame deadline missed (legacy): 1
HISTOGRAM: 5ms=230 6ms=3 7ms=1 8ms=0 9ms=0 10ms=0 11ms=1 12ms=0 13ms=0 14ms=0 15ms=0 16ms=0 17ms=0 18ms=0 19ms=0 20ms=0 21ms=0 22ms=0 23ms=0 24ms=0 25ms=0 26ms=0 27ms=0 28ms=0 29ms=0 30ms=0 31ms=0 32ms=0 34ms=0 36ms=0 38ms=0 40ms=0 42ms=0 44ms=0 46ms=0 48ms=0 53ms=0 57ms=0 61ms=0 65ms=0 69ms=0 73ms=0 77ms=0 81ms=0 85ms=0 89ms=0 93ms=0 97ms=0 101ms=0 105ms=0 109ms=0 113ms=0 117ms=0 121ms=0 125ms=0 129ms=0 133ms=0 150ms=0 200ms=0 250ms=0 300ms=0 350ms=0 400ms=0 450ms=0 500ms=0 550ms=0 600ms=0 650ms=0 700ms=0 750ms=0 800ms=0 850ms=0 900ms=0 950ms=0 1000ms=0 1050ms=0 1100ms=0 1150ms=0 1200ms=0 1250ms=0 1300ms=0 1350ms=0 1400ms=0 1450ms=0 1500ms=0 1550ms=0 1600ms=0 1650ms=0 1700ms=0 1750ms=0 1800ms=0 1850ms=0 1900ms=0 1950ms=0 2000ms=0 2050ms=0 2100ms=0 2150ms=0 2200ms=0 2250ms=0 2300ms=0 2350ms=0 2400ms=0 2450ms=0 2500ms=0 2550ms=0 2600ms=0 2650ms=0 2700ms=0 2750ms=0 2800ms=0 2850ms=0 2900ms=0 2950ms=0 3000ms=0 3050ms=0 3100ms=0 3150ms=0 3200ms=0 3250ms=0 3300ms=0 3350ms=0 3400ms=0 3450ms=0 3500ms=0 3550ms=0 3600ms=0 3650ms=0 3700ms=0 3750ms=0 3800ms=0 3850ms=0 3900ms=0 3950ms=0 4000ms=0 4050ms=0 4100ms=0 4150ms=0 4200ms=0 4250ms=0 4300ms=0 4350ms=0 4400ms=0 4450ms=0 4500ms=0 4550ms=0 4600ms=0 4650ms=0 4700ms=0 4750ms=0 4800ms=0 4850ms=0 4900ms=0 4950ms=0
50th gpu percentile: 2ms
90th gpu percentile: 4ms
95th gpu percentile: 4ms
99th gpu percentile: 5ms
GPU HISTOGRAM: 1ms=90 2ms=81 3ms=27 4ms=31 5ms=6 6ms=0 7ms=0 8ms=0 9ms=0 10ms=0 11ms=0 12ms=0 13ms=0 14ms=0 15ms=0 16ms=0 17ms=0 18ms=0 19ms=0 20ms=0 21ms=0 22ms=0 23ms=0 24ms=0 25ms=0 4950ms=0



---PROFILEDATA---
Flags,FrameTimelineVsyncId,IntendedVsync,Vsync,InputEventId,HandleInputStart,AnimationStart,PerformTraversalsStart,DrawStart,FrameDeadline,FrameStartTime,FrameInterval,WorkloadTarget,AnimationTime,AnimationCounter,SyncQueued,SyncStart,IssueDrawCommandsStart,SwapBuffers,FrameCompleted,DequeueBufferDuration,QueueBufferDuration,GpuCompleted,SwapBuffersCompleted,DisplayPresentTime,CommandSubmissionCompleted,
0,1658447,36409417861517,36409417861517,0,36409418448074,36409418448928,36409418449702,36409418477981,36409434461517,36409418445429,8335419,16600000,36409417861517,-1,36409418510859,36409419116002,36409419209264,36409420000442,36409423446284,18311,407470,36409423446284,36409420589879,36409444941116,36409420000442,
0,1658456,36409434531834,36409434531834,0,36409435070714,36409435073969,36409435077713,36409435196568,36409451131834,36409435059443,8335560,16600000,36409434531834,-1,36409435335525,36409435734654,36409435781163,36409436189081,36409437206863,9399,179240,36409437206863,36409436419876,36409461602330,36409436189081,
0,1658464,36409442866373,36409442866373,0,36409443517044,36409443520177,36409443523432,36409443626907,36409459466373,36409443508011,8335602,16600000,36409442866373,-1,36409443736445,36409443977412,36409444042638,36409444331660,36409445951777,6877,157390,36409445951777,36409444536209,36409469943273,36409444331660,
0,1658473,36409459536001,36409459536001,0,36409460504104,36409460508702,36409460513300,36409460661901,36409476136001,36409460488968,8335386,16600000,36409459536001,-1,36409460822911,36409461264602,36409461308141,36409461633092,36409462696121,7325,165202,36409462696121,36409461846674,36409486650141,36409461633092,
0,1658481,36409467865572,36409467865572,0,36409468738927,36409468742996,36409468747553,36409468870885,36409484465572,36409468727208,8334862,16600000,36409467865572,-1,36409469013911,36409469982783,36409470081985,36409471353347,36409472477574,20223,418986,36409472477574,36409472267898,36409494940506,36409471353347,
0,1658490,36409484525164,36409484525164,0,36409485295242,36409485300084,36409485305170,36409485468338,36409501125164,36409485281041,8334563,16600000,36409484525164,-1,36409485643915,36409485967198,36409486013870,36409486351557,36409487506302,7405,166341,36409487506302,36409486560948,36409511592076,36409486351557,
0,1658498,36409492853396,36409492853396,0,36409493760696,36409493764887,36409493769282,36409493885655,36409509453396,36409493749425,8334793,16600000,36409492853396,-1,36409494018020,36409494375686,36409494406407,36409494705398,36409496242467,6592,168905,36409496242467,36409494934768,36409520140782,36409494705398,
0,1658507,36409509536081,36409509536081,0,36409510107905,36409510111404,36409510115148,36409510232945,36409526136081,36409510097936,8334311,16600000,36409509536081,-1,36409510368566,36409510633417,36409510662918,36409510945836,36409511956538,7771,145101,36409511956538,36409511136510,36409536675247,36409510945836,
0,1658515,36409517860653,36409517860653,0,36409518609736,36409518613723,36409518618443,36409518732050,36409534460653,36409518598627,8333952,16600000,36409517860653,-1,36409518858800,36409519124628,36409519161778,36409519423416,36409520477208,6185,148275,36409520477208,36409519616287,36409544975255,36409519423416,
0,1658531,36409534578041,36409534578041,0,36409534928665,36409534930008,36409534930659,36409534968094,36409551178041,36409534925206,8336508,16600000,36409534578041,-1,36409535014073,36409535591385,36409535628738,36409536056350,36409537110550,9237,191650,36409537110550,36409536304153,36409561614619,36409536056350,
0,1658539,36409542914549,36409542914549,0,36409544298986,36409544303828,36409544309443,36409544525263,36409559514549,36409544281855,8336639,16600000,36409542914549,-1,36409544756424,36409545422195,36409545486974,36409546018834,36409547409174,14445,299031,36409547409174,36409546397578,36409569928299,36409546018834,
0,1658548,36409559585181,36409559585181,0,36409560309809,36409560313553,36409560317215,36409560419876,36409576185181,36409560300247,8336265,16600000,36409559585181,-1,36409560536819,36409561311640,36409561431432,36409562405268,36409562989415,18798,464559,36409562933141,36409562989415,36409586597610,36409562405268,
0,1658556,36409567920307,36409567920307,0,36409568835769,36409568838862,36409568842361,36409568943435,36409584520307,36409568826940,8336841,16600000,36409567920307,-1,36409569054967,36409569644363,36409569771682,36409570572708,36409571203893,17171,414062,36409571203893,36409571090083,36409594922643,36409570572708,
0,1658565,36409584591050,36409584591050,0,36409585329056,36409585333125,36409585337845,36409585472081,36409601191050,36409585316116,8335930,16600000,36409584591050,-1,36409585648432,36409586475906,36409586613520,36409587675939,36409588346227,19328,531087,36409588251541,36409588346227,36409611617874,36409587675939,
0,1658573,36409592907212,36409592907212,0,36409593702184,36409593706049,36409593710769,36409593814773,36409609507212,36409593690791,8334983,16600000,36409592907212,-1,36409593926183,36409594792719,36409594998204,36409596088577,36409596900345,21484,704834,36409596657018,36409596900345,36409619925857,36409596088577,
0,1658581,36409601219593,36409601219593,0,36409601657832,36409601660802,36409601664261,36409601763300,36409617819593,36409601648229,8334983,16600000,36409601219593,-1,36409601872228,36409602561884,36409602645584,36409603322423,36409605540481,13631,407512,36409605540481,36409603807897,36409628290807,36409603322423,
0,1658590,36409617880761,36409617880761,0,36409618560989,36409618564855,36409618568720,36409618706782,36409634480761,36409618548009,8333686,16600000,36409617880761,-1,36409618862991,36409619270950,36409619322382,36409619727371,36409620854731,10213,205404,36409620854731,36409619989008,36409644943395,36409619727371,
0,1658598,36409626200799,36409626200799,0,36409626883824,36409626887853,36409626892451,36409627000157,36409642800799,36409626872431,8333241,16600000,36409626200799,-1,36409627127924,36409627414057,36409627447708,36409627730545,36409629813919,6795,171264,36409629813919,36409627946975,36409653371414,36409627730545,
0,1658607,36409642855903,36409642855903,0,36409643580724,36409643583979,36409643587478,36409643705358,36409659455903,36409643570999,8332617,16600000,36409642855903,-1,36409643932937,36409644281529,36409644314082,36409644620844,36409645820551,7243,154501,36409645820551,36409644824458,36409669942581,36409644620844,
0,1658615,36409651187543,36409651187543,0,36409651886307,36409651887975,36409651888626,36409651926875,36409667787543,36409651883255,8331717,16600000,36409651187543,-1,36409651968623,36409652308263,36409652336990,36409652623448,36409654223790,6510,181153,36409654223790,36409652853999,36409678284174,36409652623448,
0,1658624,36409667836632,36409667836632,0,36409668671951,36409668675735,36409668680496,36409668794835,36409684436632,36409668660232,8332978,16600000,36409667836632,-1,36409668930048,36409669266271,36409669297806,36409669572382,36409670717483,5900,156413,36409670717483,36409669776199,36409694979324,36409669572382,
0,1658632,36409676192293,36409676192293,0,36409676949783,36409676953527,36409676958125,36409677070266,36409692792293,36409676938797,8332254,16600000,36409676192293,-1,36409677200963,36409677513260,36409677541417,36409677807124,36409678887161,6551,156779,36409678887161,36409678010289,36409703281692,36409677807124,
0,1658641,36409692840691,36409692840691,0,36409693531570,36409693536575,36409693541377,36409693670934,36409709440691,36409693518834,8331703,16600000,36409692840691,-1,36409693827184,36409694805374,36409694930008,36409696221267,36409696770299,25920,232951,36409696770299,36409696526443,36409719989944,36409696221267,
0,1658650,36409709507766,36409709507766,0,36409710219965,36409710224156,36409710229080,36409710363235,36409726107766,36409710208003,8331489,16600000,36409709507766,-1,36409710509720,36409710814611,36409710868403,36409711196365,36409712379267,5982,178915,36409712379267,36409711420486,36409736634069,36409711196365,
0,1658658,36409717839255,36409717839255,0,36409718610387,36409718614253,36409718619217,36409718741735,36409734439255,36409718598465,8331543,16600000,36409717839255,-1,36409718879186,36409719856114,36409719947993,36409721093582,36409722189244,19409,519735,36409722189244,36409721744542,36409745008295,36409721093582,
0,1658666,36409726171190,36409726171190,0,36409726756220,36409726759313,36409726762771,36409726849360,36409742771190,36409726747716,8331543,16600000,36409726171190,-1,36409726951085,36409728455439,36409728549067,36409729849604,36409730918208,21362,650676,36409730918208,36409730663650,36409753334427,36409729849604,
0,1658674,36409734502733,36409734502733,0,36409735299799,36409735303868,36409735308507,36409735430455,36409751102733,36409735287470,8331300,16600000,36409734502733,-1,36409735559728,36409736365677,36409736464472,36409737708776,36409738876337,17538,464721,36409738876337,36409738429194,36409761756912,36409737708776,
0,1658682,36409742832901,36409742832901,0,36409743478144,36409743479039,36409743479853,36409743515416,36409759432901,36409743475133,8333919,16600000,36409742832901,-1,36409743555659,36409744499791,36409744613398,36409746517736,36409747318313,17090,614340,36409746928095,36409747318313,36409769979731,36409746517736,
0,1658690,36409751206299,36409751206299,0,36409751970779,36409751974726,36409751979324,36409752197871,36409767806299,36409751958369,8335958,16600000,36409751206299,-1,36409752329788,36409752676224,36409752717361,36409753008784,36409755431391,6999,159424,36409755431391,36409753207880,36409778309036,36409753008784,
0,1658698,36409759567605,36409759567605,0,36409760388504,36409760392451,36409760397049,36409760519851,36409776167605,36409760378494,8336097,16600000,36409759567605,-1,36409760647944,36409761066320,36409761123448,36409761416092,36409763671910,7284,163575,36409763671910,36409761628413,36409786629918,36409761416092,
0,1658707,36409776273866,36409776273866,0,36409776981603,36409776985916,36409776990392,36409777124995,36409792873866,36409776968541,8337211,16600000,36409776273866,-1,36409777270625,36409777598180,36409777629715,36409777914708,36409782739171,7568,181071,36409782739171,36409778148432,36409803329503,36409777914708,
0,1658715,36409784600750,36409784600750,0,36409785406123,36409785410395,36409785415074,36409785529983,36409801200750,36409785394892,8336737,16600000,36409784600750,-1,36409785585769,36409785669795,36409785717199,36409786071040,36409787673416,5900,162028,36409787673416,36409786280634,36409811641881,36409786071040,
0,1658723,36409792930749,36409792930749,0,36409793777623,36409793781570,36409793786087,36409793900223,36409809530749,36409793766352,8336737,16600000,36409792930749,-1,36409794038976,36409794372106,36409794440546,36409794690953,36409795788040,5127,145426,36409795788040,36409794876907,36409819988642,36409794690953,
0,1658731,36409801267486,36409801267486,0,36409802158849,36409802163935,36409802169266,36409802329869,36409817867486,36409802146683,8336158,16600000,36409801267486,-1,36409802502355,36409802881953,36409802925328,36409803266637,36409804369054,6918,167277,36409804369054,36409803478999,36409828338862,36409803266637,
0,1658739,36409809594576,36409809594576,0,36409810377477,36409810381464,36409810385981,36409810511266,36409826194576,36409810365799,8335738,16600000,36409809594576,-1,36409810646642,36409810956538,36409810997879,36409811257238,36409812404251,6144,164877,36409812404251,36409811463170,36409836664912,36409811257238,
0,1658747,36409817923109,36409817923109,0,36409818609492,36409818612625,36409818616084,36409818734492,36409834523109,36409818598872,8335356,16600000,36409817923109,-1,36409818855260,36409819599970,36409819728917,36409820899572,36409821626541,23681,525920,36409821626541,36409821602941,36409844971023,36409820899572,
0,1658755,36409826245304,36409826245304,0,36409827743362,36409827748286,36409827753616,36409827943924,36409842845304,36409827727290,8334721,16600000,36409826245304,-1,36409828339961,36409829505651,36409829698562,36409831067459,36409831971105,33488,727579,36409831939529,36409831971105,36409853318313,36409831067459,
0,1658764,36409842911650,36409842911650,0,36409843680740,36409843684728,36409843689244,36409843812535,36409859511650,36409843668574,8334630,16600000,36409842911650,-1,36409843952387,36409844383865,36409844425654,36409844745885,36409848595047,9399,175822,36409848595047,36409844973424,36409869998530,36409844745885,
0,1658772,36409851241478,36409851241478,0,36409851872309,36409851875280,36409851878698,36409851970535,36409867841478,36409851863032,8333872,16600000,36409851241478,-1,36409852175898,36409852526240,36409852559931,36409852871577,36409853939529,6022,155640,36409853939529,36409853075556,36409878342890,36409852871577,
0,1658780,36409859565511,36409859565511,0,36409860502965,36409860506627,36409860511103,36409860619542,36409876165511,36409860491043,8333872,16600000,36409859565511,-1,36409860743810,36409861408483,36409861467199,36409862057327,36409865648107,12491,493449,36409865648107,36409862663284,36409886672358,36409862057327,
0,1658788,36409867899383,36409867899383,0,36409868914993,36409868919021,36409868923538,36409869045853,36409884499383,36409868903030,8333776,16600000,36409867899383,-1,36409869185989,36409869898758,36409869958491,36409870586583,36409874867142,14689,411092,36409874867142,36409871110916,36409895044591,36409870586583,
0,1658796,36409876228547,36409876228547,0,36409876889196,36409876891515,36409876892369,36409876976761,36409892828547,36409876883825,8334228,16600000,36409876228547,-1,36409877044347,36409877497960,36409877547724,36409878043859,36409879717809,8748,226400,36409879717809,36409878335729,36409903308304,36409878043859,
0,1658805,36409892907087,36409892907087,0,36409893912999,36409893917028,36409893921219,36409894110875,36409909507087,36409893900101,8334023,16600000,36409892907087,-1,36409894321447,36409895727615,36409895933100,36409897707799,36409901846674,36255,609294,36409901846674,36409898581782,36409920001582,36409897707799,
0,1658813,36409901236284,36409901236284,0,36409901980382,36409901984207,36409901988642,36409902103429,36409917836284,36409901969314,8334496,16600000,36409901236284,-1,36409902232376,36409902944819,36409903037023,36409903823929,36409904427404,13916,490398,36409904408401,36409904427404,36409928384476,36409903823929,
0,1658821,36409909580263,36409909580263,0,36409910078527,36409910079300,36409910079951,36409910111364,36409926180263,36409910075719,8334496,16600000,36409909580263,-1,36409910144770,36409910608963,36409910687169,36409911278396,36409911976110,11679,276489,36409911976110,36409911614008,36409936653030,36409911278396,
0,1658829,36409917914759,36409917914759,0,36409918432205,36409918434402,36409918436518,36409918513260,36409934514759,36409918425003,8333579,16600000,36409917914759,-1,36409918592117,36409919142451,36409919230789,36409920124344,36409920733475,16357,380981,36409920733475,36409920597285,36409944991043,36409920124344,
0,1658837,36409926233877,36409926233877,0,36409926793330,36409926795527,36409926797928,36409926876256,36409942833877,36409926787145,8333552,16600000,36409926233877,-1,36409927100133,36409927446976,36409927498937,36409927816889,36409928761429,7935,212768,36409928761429,36409928078201,36409953396520,36409927816889,
0,1658845,36409934567296,36409934567296,0,36409935161372,36409935164301,36409935167190,36409935255040,36409951167296,36409935153397,8333848,16600000,36409934567296,-1,36409935350133,36409935643834,36409935683263,36409935972000,36409937162715,6103,183187,36409937162715,36409936205073,36409961671585,36409935972000,
0,1658853,36409942909624,36409942909624,0,36409943507319,36409943510452,36409943513789,36409943604690,36409959509624,36409943498733,8333750,16600000,36409942909624,-1,36409943712316,36409944059077,36409944102493,36409944418086,36409945510534,7691,170410,36409945510534,36409944635900,36409970000198,36409944418086,
0,1658861,36409951240196,36409951240196,0,36409951825353,36409951828364,36409951831863,36409951918167,36409967840196,36409951817011,8333650,16600000,36409951240196,-1,36409952089716,36409952389277,36409952434850,36409952702306,36409953773025,6917,149089,36409953773025,36409952900833,36409978322179,36409952702306,
0,1658869,36409959571359,36409959571359,0,36409960200475,36409960203120,36409960206172,36409960291051,36409976171359,36409960192256,8335613,16600000,36409959571359,-1,36409960388056,36409961354935,36409961436844,36409962518102,36409963317866,17172,667928,36409963065384,36409963317866,36409986659581,36409962518102,
0,1658877,36409967934504,36409967934504,0,36409968585973,36409968588292,36409968591181,36409968672277,36409984534504,36409968578120,8335462,16600000,36409967934504,-1,36409968757970,36409969338577,36409969410558,36409970036657,36409970685542,15503,315185,36409970685542,36409970434524,36409994981928,36409970036657,
0,1658885,36409976266376,36409976266376,0,36409976857742,36409976860713,36409976864009,36409976948807,36409992866376,36409976849279,8335174,16600000,36409976266376,-1,36409977046422,36409977726639,36409977837194,36409978684687,36409979290359,16765,375651,36409979290359,36409979173294,36410003329585,36409978684687,
0,1658893,36409984596123,36409984596123,0,36409985208979,36409985212072,36409985215530,36409985303543,36410001196123,36409985200434,8334534,16600000,36409984596123,-1,36409985403397,36409986063064,36409986171748,36409986967199,36409987592077,16561,429688,36409987592077,36409987508580,36410011743240,36409986967199,
0,1658901,36409992920572,36409992920572,0,36409993482010,36409993485143,36409993488642,36409993578283,36410009520572,36409993473465,8334352,16600000,36409992920572,-1,36409993681310,36409994185623,36409994294998,36409995086461,36409995631587,19206,389690,36409995631587,36409995587682,36410020012283,36409995086461,
0,1658909,36410001250829,36410001250829,0,36410001860143,36410001863113,36410001866450,36410001950882,36410017850829,36410001851517,8333756,16600000,36410001250829,-1,36410002048620,36410002647822,36410002726110,36410003422562,36410004701289,16805,364624,36410004701289,36410003896032,36410028344640,36410003422562,
0,1658918,36410017905099,36410017905099,0,36410018510005,36410018514318,36410018518916,36410018673009,36410034505099,36410018497513,8334450,16600000,36410017905099,-1,36410018819941,36410019151810,36410019192581,36410019543655,36410021211258,8423,185099,36410021211258,36410019780228,36410045054479,36410019543655,
0,1658926,36410026256266,36410026256266,0,36410027321325,36410027325027,36410027329544,36410027431066,36410042856266,36410027311315,8334439,16600000,36410026256266,-1,36410027552037,36410027845942,36410027887365,36410028219030,36410029610713,7162,166300,36410029610713,36410028430293,36410053351802,36410028219030,
0,1658934,36410034590025,36410034590025,0,36410035264603,36410035268346,36410035272741,36410035377070,36410051190025,36410035254023,8334439,16600000,36410034590025,-1,36410035495804,36410035777501,36410035805700,36410036088496,36410037008906,4192,145264,36410037008906,36410036266352,36410061691808,36410036088496,
0,1658949,36410042924464,36410042924464,0,36410043589432,36410043591954,36410043595047,36410043677485,36410059524464,36410043581782,8333972,16600000,36410042924464,-1,36410043777176,36410044103958,36410044134516,36410044383458,36410045442744,6266,135091,36410045442744,36410044557287,36410069990066,36410044383458,
0,1658957,36410051252299,36410051252299,0,36410051934443,36410051937291,36410051940709,36410052431758,36410067852299,36410051925980,8334235,16600000,36410051252299,-1,36410052545161,36410053245397,36410053373896,36410054219315,36410057146723,19165,483968,36410057146723,36410054878657,36410078332881,36410054219315,
0,1658965,36410059593141,36410059593141,0,36410060576736,36410060580521,36410060584915,36410060693191,36410076193141,36410060566116,8334108,16600000,36410059593141,-1,36410060815425,36410061839717,36410061965205,36410062785151,36410065621373,17578,400798,36410065621373,36410063307164,36410086692459,36410062785151,
0,1658973,36410067925399,36410067925399,0,36410068793493,36410068796544,36410068799962,36410068886429,36410084525399,36410068631017,8334211,16600000,36410067925399,-1,36410068982702,36410069103958,36410069180862,36410070020014,36410073684809,23316,408976,36410073684809,36410070537470,36410094998693,36410070020014,
0,1658981,36410076261031,36410076261031,0,36410076904251,36410076907221,36410076910558,36410077150833,36410092861031,36410076895503,8333763,16600000,36410076261031,-1,36410077253331,36410078212234,36410078341019,36410079063146,36410081774979,18310,370117,36410081774979,36410079545405,36410103344152,36410079063146,
0,1658989,36410084586597,36410084586597,0,36410085612584,36410085616369,36410085620763,36410085729202,36410101186597,36410085601110,8334060,16600000,36410084586597,-1,36410085850825,36410086012039,36410086161779,36410087267288,36410090075678,22501,513427,36410090075678,36410087933385,36410111653030,36410087267288,
0,1658997,36410092922178,36410092922178,0,36410095683996,36410095686233,36410095688146,36410095751175,36410109522178,36410095678624,8333704,16600000,36410092922178,-1,36410095814163,36410096539586,36410096676509,36410097539383,36410098946284,15340,645711,36410098946284,36410098325353,36410120044795,36410097539383,
0,1659006,36410109580073,36410109580073,0,36410110135412,36410110139481,36410110143428,36410110283279,36410126180073,36410110125076,8333832,16600000,36410109580073,-1,36410110443598,36410111526566,36410111618444,36410113051915,36410115083654,16805,349081,36410115083654,36410113515701,36410136654617,36410113051915,
0,1659014,36410117918971,36410117918971,0,36410118639277,36410118798050,36410118802200,36410118912918,36410134518971,36410118629837,8333145,16600000,36410117918971,-1,36410119033849,36410119154007,36410119241857,36410120195958,36410123186315,21159,389852,36410123186315,36410120668208,36410145001826,36410120195958,
0,1659022,36410126241940,36410126241940,0,36410126911494,36410126914668,36410126918248,36410127178421,36410142841940,36410126902705,8333145,16600000,36410126241940,-1,36410127294306,36410128215001,36410128336665,36410129010778,36410132480830,13346,388753,36410132480830,36410129487706,36410153348628,36410129010778,
0,1659030,36410134575085,36410134575085,0,36410135240189,36410135243688,36410135247269,36410135353144,36410151175085,36410135230871,8333287,16600000,36410134575085,-1,36410135465164,36410135592117,36410135685664,36410136631058,36410139853226,17049,415934,36410139853226,36410137156408,36410161683304,36410136631058,
0,1659038,36410142913387,36410142913387,0,36410144291987,36410144294917,36410144298620,36410144407140,36410159513387,36410144282873,8333617,16600000,36410142913387,-1,36410144517736,36410145201614,36410145303014,36410146152217,36410148198766,18718,407308,36410148198766,36410146673335,36410170014481,36410146152217,
0,1659046,36410151248211,36410151248211,0,36410151884761,36410151887650,36410151891149,36410151976435,36410167848211,36410151876663,8333421,16600000,36410151248211,-1,36410152239456,36410152381709,36410152452957,36410153305415,36410156950231,24536,375773,36410156950231,36410153796951,36410178346390,36410153305415,
0,1659054,36410159578264,36410159578264,0,36410160483841,36410160486893,36410160490433,36410160585688,36410176178264,36410160313309,8333348,16600000,36410159578264,-1,36410160700597,36410161472773,36410161602046,36410162368118,36410165343257,25553,408326,36410165343257,36410162892695,36410186672887,36410162368118,
0,1659062,36410167911197,36410167911197,0,36410169019974,36410169023107,36410169026810,36410169137324,36410184511197,36410169003616,8333114,16600000,36410167911197,-1,36410169253494,36410170314855,36410170442093,36410171237340,36410173980952,20467,401205,36410173980952,36410171763179,36410195013504,36410171237340,
0,1659070,36410176242268,36410176242268,0,36410176885127,36410176888138,36410176891678,36410176986811,36410192842268,36410176874710,8332871,16600000,36410176242268,-1,36410177097122,36410177827794,36410177953201,36410178768346,36410182178624,19694,404907,36410182178624,36410179286453,36410203350459,36410178768346,
0,1659078,36410184572935,36410184572935,0,36410185250361,36410185253494,36410185256912,36410185351761,36410201172935,36410185240596,8332420,16600000,36410184572935,-1,36410185460322,36410186217850,36410186302567,36410187177851,36410190362381,19246,440145,36410190362381,36410187738968,36410211703934,36410187177851,
0,1659086,36410192900925,36410192900925,0,36410193542028,36410193544998,36410193548620,36410193639318,36410209500925,36410193532791,8332034,16600000,36410192900925,-1,36410193739944,36410194431758,36410194550410,36410195337560,36410196052038,17171,416342,36410196052038,36410195867752,36410220022171,36410195337560,
0,1659094,36410201228944,36410201228944,0,36410201854080,36410201857010,36410201860387,36410201947749,36410217828944,36410201845413,8332886,16600000,36410201228944,-1,36410202050044,36410202739253,36410202856766,36410203551997,36410206670609,17131,419515,36410206670609,36410204197423,36410228350581,36410203551997,
0,1659102,36410209572204,36410209572204,0,36410210188349,36410210191523,36410210194901,36410210284256,36410226172204,36410210179438,8332938,16600000,36410209572204,-1,36410210385696,36410211091995,36410211211868,36410212227127,36410215054316,21932,292806,36410215054316,36410212606684,36410236685908,36410212227127,
0,1659110,36410217906609,36410217906609,0,36410218559280,36410218562210,36410218565547,36410218664912,36410234506609,36410218550288,8333228,16600000,36410217906609,-1,36410218768428,36410219416987,36410219533727,36410220505163,36410223227046,17131,479085,36410223227046,36410221129837,36410245015539,36410220505163,
0,1659118,36410226245629,36410226245629,0,36410226989538,36410226992508,36410226995845,36410227098872,36410242845629,36410226979528,8333919,16600000,36410226245629,-1,36410227210526,36410228262609,36410228374100,36410228970495,36410232495600,15381,274536,36410232495600,36410229326981,36410253385208,36410228970495,
0,1659126,36410234587684,36410234587684,0,36410235259272,36410235263585,36410235267532,36410235383865,36410251187684,36410235248001,8334076,16600000,36410234587684,-1,36410235521317,36410235931717,36410236074580,36410237085281,36410239714676,21566,427937,36410239714676,36410237662674,36410261693680,36410237085281,
0,1659134,36410242923266,36410242923266,0,36410243793411,36410243796951,36410243800817,36410243912755,36410259523266,36410243783239,8334362,16600000,36410242923266,-1,36410244126378,36410245759801,36410245922480,36410247216263,36410248947545,20711,431804,36410248947545,36410247952876,36410270081457,36410247216263,
0,1659142,36410251260514,36410251260514,0,36410251997472,36410252000646,36410252089879,36410252207230,36410267860514,36410251988032,8334095,16600000,36410251260514,-1,36410252324173,36410252473058,36410252607254,36410253890417,36410254643509,18595,539226,36410254632238,36410254643509,36410278363358,36410253890417,
0,1659150,36410259591117,36410259591117,0,36410260379918,36410260383011,36410260386551,36410260486201,36410276191117,36410260371089,8334405,16600000,36410259591117,-1,36410260591629,36410261591304,36410261809362,36410262720698,36410266054398,19816,553548,36410266054398,36410263396479,36410286760371,36410262720698,
0,1659158,36410267931602,36410267931602,0,36410268813756,36410268816930,36410268820511,36410268921056,36410284531602,36410268804805,8334725,16600000,36410267931602,-1,36410269035680,36410269837723,36410269985753,36410270928747,36410271614334,24984,482381,36410271614334,36410271553136,36410295040482,36410270928747,
0,1659166,36410276269647,36410276269647,0,36410276951045,36410276954137,36410276957596,36410277202469,36410292869647,36410276941523,8335361,16600000,36410276269647,-1,36410277310216,36410277969762,36410278086990,36410279015823,36410279745804,20264,586344,36410279626297,36410279745804,36410303417638,36410279015823,
0,1659174,36410284616366,36410284616366,0,36410285414383,36410285418208,36410285423294,36410285534907,36410301216366,36410285402664,8335395,16600000,36410284616366,-1,36410285659256,36410285964839,36410285999303,36410286334223,36410287724848,6999,190471,36410287724848,36410286571203,36410311709427,36410286334223,
0,1659183,36410301301960,36410301301960,0,36410302497391,36410302501256,36410302505976,36410302629023,36410317901960,36410302482946,8336483,16600000,36410301301960,-1,36410302777949,36410303153926,36410303189285,36410303508581,36410304701859,10457,177286,36410304701859,36410303742549,36410328492264,36410303508581,
0,1659191,36410309638443,36410309638443,0,36410310617711,36410310621496,36410310626094,36410310891474,36410326238443,36410310607458,8336712,16600000,36410309638443,-1,36410311017003,36410311338903,36410311363765,36410311806554,36410312333125,6673,160196,36410312333125,36410312049962,36410336721837,36410311806554,
0,1659200,36410326316626,36410326316626,0,36410327281204,36410327284826,36410327289342,36410327396235,36410342916626,36410327269404,8336422,16600000,36410326316626,-1,36410327522334,36410327865636,36410327896195,36410328192215,36410330095983,6429,145223,36410330095983,36410328375768,36410353419958,36410328192215,
0,1659208,36410334647511,36410334647511,0,36410335034948,36410335035884,36410335036779,36410335070226,36410351247511,36410335032059,8337981,16600000,36410334647511,-1,36410335105708,36410335777217,36410335859004,36410336777420,36410337335078,18758,418538,36410337265661,36410337335078,36410361782710,36410336777420,
0,1659216,36410343011959,36410343011959,0,36410343918778,36410343921789,36410343925329,36410344154007,36410359611959,36410343909053,8337981,16600000,36410343011959,-1,36410344264033,36410344583857,36410344612788,36410344903153,36410346050329,6673,157796,36410346050329,36410345094966,36410370107946,36410344903153,
0,1659224,36410351349940,36410351349940,0,36410352371577,36410352375280,36410352379715,36410352481562,36410367949940,36410352360225,8337731,16600000,36410351349940,-1,36410352596308,36410353561356,36410353746252,36410354713496,36410355356033,22583,468709,36410355274165,36410355356033,36410378524328,36410354713496,
0,1659232,36410359680867,36410359680867,0,36410360685216,36410360688146,36410360691483,36410360802078,36410376280867,36410360676875,8337790,16600000,36410359680867,-1,36410360898310,36410361698848,36410361832718,36410362759557,36410363305456,17660,420613,36410363271642,36410363305456,36410386718542,36410362759557,
0,1659240,36410368018329,36410368018329,0,36410368855016,36410368858800,36410368863439,36410368978877,36410384618329,36410368842850,8338163,16600000,36410368018329,-1,36410369100825,36410369840612,36410370021235,36410370908890,36410371555008,21891,531657,36410371378901,36410371555008,36410395072586,36410370908890,
0,1659248,36410376362409,36410376362409,0,36410376949946,36410376953649,36410376958166,36410377065262,36410392962409,36410376938309,8338175,16600000,36410376362409,-1,36410377182612,36410378040034,36410378135819,36410379193476,36410379806717,24007,500163,36410379717565,36410379806717,36410403381180,36410379193476,
0,1659256,36410384700539,36410384700539,0,36410385406571,36410385409460,36410385412796,36410385507604,36410401300539,36410385397537,8339267,16600000,36410384700539,-1,36410385609980,36410386032100,36410386061559,36410386362910,36410387363317,7081,178304,36410387363317,36410386583166,36410411862910,36410386362910,
0,1659264,36410393059734,36410393059734,0,36410393786413,36410393790115,36410393794469,36410393905757,36410409659734,36410393774409,8338336,16600000,36410393059734,-1,36410394026037,36410394323400,36410394372554,36410394641027,36410395283157,7365,152141,36410395283157,36410394836828,36410420171748,36410394641027,
0,1659272,36410401379409,36410401379409,0,36410402280065,36410402284134,36410402288691,36410402400915,36410417979409,36410402268753,8337942,16600000,36410401379409,-1,36410402832718,36410403126379,36410403154211,36410403409337,36410404309403,7324,147217,36410404309403,36410403624751,36410428423131,36410403409337,
0,1659280,36410409707783,36410409707783,0,36410410355342,36410410358312,36410410361649,36410410461095,36410426307783,36410410346268,8337035,16600000,36410409707783,-1,36410410566279,36410410848709,36410410876623,36410411132523,36410412120356,6063,147339,36410412120356,36410411319005,36410436748734,36410411132523,
0,1659288,36410418027700,36410418027700,0,36410418974849,36410418977615,36410418981074,36410419213618,36410434627700,36410418965653,8337856,16600000,36410418027700,-1,36410419310461,36410419560664,36410419586584,36410419824010,36410421290278,6104,144450,36410421290278,36410420054398,36410445106888,36410419824010,
0,1659297,36410434727979,36410434727979,0,36410435874873,36410435879186,36410435883906,36410436116247,36410451327979,36410435862178,8337305,16600000,36410434727979,-1,36410436261470,36410436673213,36410436725337,36410437107173,36410438886307,10621,186483,36410438886307,36410437352371,36410461767044,36410437107173,
0,1659306,36410451376729,36410451376729,0,36410452659012,36410452663407,36410452667882,36410452790685,36410467976729,36410452647334,8336733,16600000,36410451376729,-1,36410452928787,36410453299596,36410453338455,36410453609167,36410455745234,7853,179606,36410455745234,36410453831253,36410478451696,36410453609167,
0,1659314,36410459713462,36410459713462,0,36410460774694,36410460778722,36410460783402,36410460897497,36410476313462,36410460763341,8336078,16600000,36410459713462,-1,36410461023473,36410461349320,36410461381546,36410461650345,36410463396968,7120,167969,36410463396968,36410461860225,36410486773555,36410461650345,
0,1659323,36410476375916,36410476375916,0,36410477056839,36410477060623,36410477065099,36410477181392,36410492975916,36410477045609,8335932,16600000,36410476375916,-1,36410477318965,36410477629674,36410477660802,36410477932531,36410481721797,6022,178427,36410481721797,36410478153478,36410503448075,36410477932531,
0,1659332,36410493033135,36410493033135,0,36410493683792,36410493688024,36410493692541,36410493802078,36410509633135,36410493673823,8335256,16600000,36410493033135,-1,36410493927078,36410494264277,36410494312129,36410494630977,36410495693965,8260,177897,36410495693965,36410494857214,36410520094559,36410494630977,
0,1659340,36410501368391,36410501368391,0,36410501851476,36410501852493,36410501853144,36410501885778,36410517968391,36410501848709,8335213,16600000,36410501368391,-1,36410501920853,36410502577469,36410502674393,36410503646927,36410504348099,22095,559082,36410504171463,36410504348099,36410528454504,36410503646927,
0,1659348,36410509701240,36410509701240,0,36410510300369,36410510303258,36410510306554,36410510393102,36410526301240,36410510291336,8335213,16600000,36410509701240,-1,36410510492712,36410511162511,36410511246536,36410511940303,36410512508581,15096,463826,36410512508581,36410512476436,36410536760615,36410511940303,
0,1659356,36410518036453,36410518036453,0,36410518762446,36410518766271,36410518770788,36410518884354,36410534636453,36410518750972,8334399,16600000,36410518036453,-1,36410519006587,36410519840571,36410519958044,36410521008743,36410521878494,18718,452067,36410521878494,36410521601598,36410545109777,36410521008743,
0,1659364,36410526362883,36410526362883,0,36410527002314,36410527005285,36410527008662,36410527102087,36410542962883,36410526993403,8333207,16600000,36410526362883,-1,36410527200516,36410527805008,36410527877843,36410528826330,36410529439285,18432,457601,36410529439285,36410529420771,36410553490514,36410528826330,
0,1659372,36410534676022,36410534676022,0,36410535499385,36410535503250,36410535507767,36410535614131,36410551276022,36410535488114,8333388,16600000,36410534676022,-1,36410535744990,36410538335119,36410538464188,36410539328120,36410540760493,23193,824056,36410540760493,36410540320877,36410561801427,36410539328120,
0,1659387,36410543011659,36410543011659,0,36410545104569,36410545108394,36410545113114,36410545235713,36410559611659,36410545091914,8333171,16600000,36410543011659,-1,36410545366938,36410546616043,36410546731318,36410548969233,36410549632808,27262,499675,36410548969233,36410549632808,36410570133825,36410548969233,
0,1659395,36410551344830,36410551344830,0,36410552329056,36410552333044,36410552337682,36410552460770,36410567944830,36410552316686,8333205,16600000,36410551344830,-1,36410552617427,36410553459834,36410553605749,36410555097489,36410555718542,18962,485799,36410555250443,36410555718542,36410578484329,36410555097489,
0,1659403,36410559673471,36410559673471,0,36410560869868,36410560873652,36410560878169,36410561062739,36410576273471,36410560856685,8333503,16600000,36410559673471,-1,36410561238643,36410562128088,36410562249832,36410563036779,36410563706375,22339,440470,36410563706375,36410563594030,36409369928095,36410563036779,
0,1659411,36410568015454,36410568015454,0,36410568766271,36410568769445,36410568773433,36410568885371,36410584615454,36410568755895,8333777,16600000,36410568015454,-1,36410569004634,36410569952184,36410570050898,36410570732539,36410571376297,16765,470703,36410571376297,36410571327510,36409378261347,36410570732539,
0,1659419,36410576354319,36410576354319,0,36410577071366,36410577074214,36410577077632,36410577172074,36410592954319,36410577063146,8333924,16600000,36410576354319,-1,36410577276362,36410577944697,36410578024084,36410578638789,36410580749100,18554,401123,36410580749100,36410579146317,36409394927485,36410578638789,
0,1659427,36410584691312,36410584691312,0,36410585354894,36410585357783,36410585361120,36410585455643,36410601291312,36410585347082,8335142,16600000,36410584691312,-1,36410585566971,36410586252640,36410586388138,36410587305903,36410587851842,18798,425333,36410587753861,36410587851842,36409419946772,36410587305903,
0,1659435,36410593042624,36410593042624,0,36410593777827,36410593781001,36410593784419,36410593896235,36410609642624,36410593768509,8334419,16600000,36410593042624,-1,36410594022782,36410594848587,36410594981034,36410595948319,36410596589839,21891,522705,36410596378210,36410596589839,36409428257034,36410595948319,
0,1659444,36410609690783,36410609690783,0,36410610371455,36410610378535,36410610382360,36410610499832,36410626290783,36410610361852,8332917,16600000,36410609690783,-1,36410610612951,36410611298294,36410611370194,36410612176346,36410612689367,24536,392822,36410612593460,36410612689367,36409436615392,36410612176346,
---PROFILEDATA---


View hierarchy:

  org.ultimatemaps.spike.maplibre/org.ultimatemaps.spike.MainActivity/android.view.ViewRootImpl@5304d77
  10 views, 17,58 kB of render nodes


Total ViewRootImpl   : 1
Total attached Views : 10
Total RenderNode     : 17,58 kB (used) / 56,80 kB (capacity)

