Applications Graphics Acceleration Info:
Uptime: 36397472 Realtime: 36397472

** Graphics info for pid 11822 [org.ultimatemaps.spike.maplibre] **

Stats since: 36387698895085ns
Total frames rendered: 274
Janky frames: 0 (0.00%)
Janky frames (legacy): 0 (0.00%)
50th percentile: 5ms
90th percentile: 5ms
95th percentile: 6ms
99th percentile: 6ms
Number Missed Vsync: 0
Number High input latency: 0
Number Slow UI thread: 0
Number Slow bitmap uploads: 0
Number Slow issue draw commands: 0
Number Frame deadline missed: 0
Number Frame deadline missed (legacy): 0
HISTOGRAM: 5ms=258 6ms=14 7ms=1 8ms=0 9ms=0 10ms=0 11ms=0 12ms=0 13ms=0 14ms=0 15ms=1 16ms=0 17ms=0 18ms=0 19ms=0 20ms=0 21ms=0 22ms=0 23ms=0 24ms=0 25ms=0 26ms=0 27ms=0 28ms=0 29ms=0 30ms=0 31ms=0 32ms=0 34ms=0 36ms=0 38ms=0 40ms=0 42ms=0 44ms=0 46ms=0 48ms=0 53ms=0 57ms=0 61ms=0 65ms=0 69ms=0 73ms=0 77ms=0 81ms=0 85ms=0 89ms=0 93ms=0 97ms=0 101ms=0 105ms=0 109ms=0 113ms=0 117ms=0 121ms=0 125ms=0 129ms=0 133ms=0 150ms=0 200ms=0 250ms=0 300ms=0 350ms=0 400ms=0 450ms=0 500ms=0 550ms=0 600ms=0 650ms=0 700ms=0 750ms=0 800ms=0 850ms=0 900ms=0 950ms=0 1000ms=0 1050ms=0 1100ms=0 1150ms=0 1200ms=0 1250ms=0 1300ms=0 1350ms=0 1400ms=0 1450ms=0 1500ms=0 1550ms=0 1600ms=0 1650ms=0 1700ms=0 1750ms=0 1800ms=0 1850ms=0 1900ms=0 1950ms=0 2000ms=0 2050ms=0 2100ms=0 2150ms=0 2200ms=0 2250ms=0 2300ms=0 2350ms=0 2400ms=0 2450ms=0 2500ms=0 2550ms=0 2600ms=0 2650ms=0 2700ms=0 2750ms=0 2800ms=0 2850ms=0 2900ms=0 2950ms=0 3000ms=0 3050ms=0 3100ms=0 3150ms=0 3200ms=0 3250ms=0 3300ms=0 3350ms=0 3400ms=0 3450ms=0 3500ms=0 3550ms=0 3600ms=0 3650ms=0 3700ms=0 3750ms=0 3800ms=0 3850ms=0 3900ms=0 3950ms=0 4000ms=0 4050ms=0 4100ms=0 4150ms=0 4200ms=0 4250ms=0 4300ms=0 4350ms=0 4400ms=0 4450ms=0 4500ms=0 4550ms=0 4600ms=0 4650ms=0 4700ms=0 4750ms=0 4800ms=0 4850ms=0 4900ms=0 4950ms=0
50th gpu percentile: 2ms
90th gpu percentile: 4ms
95th gpu percentile: 5ms
99th gpu percentile: 5ms
GPU HISTOGRAM: 1ms=114 2ms=85 3ms=37 4ms=21 5ms=16 6ms=0 7ms=0 8ms=0 9ms=0 10ms=0 11ms=0 12ms=0 13ms=0 14ms=0 15ms=1 16ms=0 17ms=0 18ms=0 19ms=0 20ms=0 21ms=0 22ms=0 23ms=0 24ms=0 25ms=0 4950ms=0

Pipeline=Skia (Vulkan)
Memory policy:
  Max surface area: 2592000
  Max resource usage: 124.42MB (x48)
  Background retention: 50% (altUiHidden = true)
  GPU Context timeout: 10
Contexts: 1 (stopped = 0)
CPU Caches:
  Glyph Cache: 0.00 bytes (1 entry)
  Glyph Count: 0 
Total CPU memory usage:
  0 bytes, 0.00 bytes (0.00 bytes is purgeable)
GPU Caches:
  Other:
    Other: 0.00 bytes (1 entry)
  Image:
    Surface: 127.97 KB (3 entries)
  Scratch:
    Buffer Object: 192.00 KB (4 entries)
    Surface: 98.88 MB (23 entries)
Layer Info:
    VkLayer size 1080x2400
  Layers Total         10125.00 KB (numLayers = 1)
Total GPU memory usage:
  104007648 bytes, 99.19 MB (160.00 KB is purgeable)
Pipeline Cache: inactiveTextureView: 1080x2400

GraphicBufferAllocator buffers:
            Handle |         Size |     W (Stride) x H | Layers |   Format |      Usage | Requestor
0xb400007b0be38350 | 10200.00 KiB | 1080 (1088) x 2400 |      1 |        1 | 0x     300 | SurfaceTexture-0-11822-0
0xb400007b0be38e50 | 10200.00 KiB | 1080 (1088) x 2400 |      1 |        1 | 0x     b00 | VRI[MainActivity]#0(BLAST Consumer)0
0xb400007b0be7d370 | 10200.00 KiB | 1080 (1088) x 2400 |      1 |        1 | 0x     300 | SurfaceTexture-0-11822-0
0xb400007b0be7e6b0 | 10200.00 KiB | 1080 (1088) x 2400 |      1 |        1 | 0x     300 | SurfaceTexture-0-11822-0
0xb400007b0be7fcb0 | 10200.00 KiB | 1080 (1088) x 2400 |      1 |        1 | 0x     300 | SurfaceTexture-0-11822-0
0xb400007b0be80910 | 10200.00 KiB | 1080 (1088) x 2400 |      1 |        1 | 0x     300 | SurfaceTexture-0-11822-0
0xb400007b0be80d30 | 10200.00 KiB | 1080 (1088) x 2400 |      1 |        1 | 0x     b00 | VRI[MainActivity]#0(BLAST Consumer)0
0xb400007b0be81990 | 10200.00 KiB | 1080 (1088) x 2400 |      1 |        1 | 0x     b00 | VRI[MainActivity]#0(BLAST Consumer)0
0xb400007b0be82a10 | 10200.00 KiB | 1080 (1088) x 2400 |      1 |        1 | 0x     b00 | VRI[MainActivity]#0(BLAST Consumer)0
0xb400007b0be83bf0 | 10200.00 KiB | 1080 (1088) x 2400 |      1 |        1 | 0x     b00 | VRI[MainActivity]#0(BLAST Consumer)0
Total allocated by GraphicBufferAllocator (estimate): 102000.00 KB
Imported gralloc buffers:
Total imported by gralloc: 0KiB

Profile data in ms:

	org.ultimatemaps.spike.maplibre/org.ultimatemaps.spike.MainActivity/android.view.ViewRootImpl@5304d77 (visibility=0)
Window: org.ultimatemaps.spike.maplibre/org.ultimatemaps.spike.MainActivity
Stats since: 36387698894475ns
Total frames rendered: 274
Janky frames: 0 (0.00%)
Janky frames (legacy): 0 (0.00%)
50th percentile: 5ms
90th percentile: 5ms
95th percentile: 6ms
99th percentile: 6ms
Number Missed Vsync: 0
Number High input latency: 0
Number Slow UI thread: 0
Number Slow bitmap uploads: 0
Number Slow issue draw commands: 0
Number Frame deadline missed: 0
Number Frame deadline missed (legacy): 0
HISTOGRAM: 5ms=258 6ms=14 7ms=1 8ms=0 9ms=0 10ms=0 11ms=0 12ms=0 13ms=0 14ms=0 15ms=1 16ms=0 17ms=0 18ms=0 19ms=0 20ms=0 21ms=0 22ms=0 23ms=0 24ms=0 25ms=0 26ms=0 27ms=0 28ms=0 29ms=0 30ms=0 31ms=0 32ms=0 34ms=0 36ms=0 38ms=0 40ms=0 42ms=0 44ms=0 46ms=0 48ms=0 53ms=0 57ms=0 61ms=0 65ms=0 69ms=0 73ms=0 77ms=0 81ms=0 85ms=0 89ms=0 93ms=0 97ms=0 101ms=0 105ms=0 109ms=0 113ms=0 117ms=0 121ms=0 125ms=0 129ms=0 133ms=0 150ms=0 200ms=0 250ms=0 300ms=0 350ms=0 400ms=0 450ms=0 500ms=0 550ms=0 600ms=0 650ms=0 700ms=0 750ms=0 800ms=0 850ms=0 900ms=0 950ms=0 1000ms=0 1050ms=0 1100ms=0 1150ms=0 1200ms=0 1250ms=0 1300ms=0 1350ms=0 1400ms=0 1450ms=0 1500ms=0 1550ms=0 1600ms=0 1650ms=0 1700ms=0 1750ms=0 1800ms=0 1850ms=0 1900ms=0 1950ms=0 2000ms=0 2050ms=0 2100ms=0 2150ms=0 2200ms=0 2250ms=0 2300ms=0 2350ms=0 2400ms=0 2450ms=0 2500ms=0 2550ms=0 2600ms=0 2650ms=0 2700ms=0 2750ms=0 2800ms=0 2850ms=0 2900ms=0 2950ms=0 3000ms=0 3050ms=0 3100ms=0 3150ms=0 3200ms=0 3250ms=0 3300ms=0 3350ms=0 3400ms=0 3450ms=0 3500ms=0 3550ms=0 3600ms=0 3650ms=0 3700ms=0 3750ms=0 3800ms=0 3850ms=0 3900ms=0 3950ms=0 4000ms=0 4050ms=0 4100ms=0 4150ms=0 4200ms=0 4250ms=0 4300ms=0 4350ms=0 4400ms=0 4450ms=0 4500ms=0 4550ms=0 4600ms=0 4650ms=0 4700ms=0 4750ms=0 4800ms=0 4850ms=0 4900ms=0 4950ms=0
50th gpu percentile: 2ms
90th gpu percentile: 4ms
95th gpu percentile: 5ms
99th gpu percentile: 5ms
GPU HISTOGRAM: 1ms=114 2ms=85 3ms=37 4ms=21 5ms=16 6ms=0 7ms=0 8ms=0 9ms=0 10ms=0 11ms=0 12ms=0 13ms=0 14ms=0 15ms=1 16ms=0 17ms=0 18ms=0 19ms=0 20ms=0 21ms=0 22ms=0 23ms=0 24ms=0 25ms=0 4950ms=0



---PROFILEDATA---
Flags,FrameTimelineVsyncId,IntendedVsync,Vsync,InputEventId,HandleInputStart,AnimationStart,PerformTraversalsStart,DrawStart,FrameDeadline,FrameStartTime,FrameInterval,WorkloadTarget,AnimationTime,AnimationCounter,SyncQueued,SyncStart,IssueDrawCommandsStart,SwapBuffers,FrameCompleted,DequeueBufferDuration,QueueBufferDuration,GpuCompleted,SwapBuffersCompleted,DisplayPresentTime,CommandSubmissionCompleted,
0,1646569,36389071071009,36389071071009,0,36389071813624,36389071817937,36389071821843,36389071937932,36389087671009,36389071802353,8334509,16600000,36389071071009,-1,36389072128932,36389072652328,36389072735947,36389073445379,36389074185003,16642,380940,36389074185003,36389073943018,36389098148015,36389073445379,
0,1646578,36389087735746,36389087735746,0,36389088463160,36389088467148,36389088470728,36389088594833,36389104335746,36389088451970,8334437,16600000,36389087735746,-1,36389088723333,36389089639714,36389089766546,36389090733546,36389091623601,21444,715332,36389091473862,36389091623601,36389114848211,36389090733546,
0,1646586,36389096079658,36389096079658,0,36389096770859,36389096774236,36389096777735,36389096880763,36389112679658,36389096761337,8334249,16600000,36389096079658,-1,36389096990463,36389098169418,36389098269638,36389099339137,36389100330348,19287,860433,36389100088689,36389100330348,36389123171331,36389099339137,
0,1646594,36389104413995,36389104413995,0,36389105052027,36389105055608,36389105059270,36389105150375,36389121013995,36389105042913,8334249,16600000,36389104413995,-1,36389105253728,36389106052638,36389106396428,36389107261744,36389108077174,18921,482177,36389108077174,36389107820501,36389131492457,36389107261744,
0,1646602,36389112748244,36389112748244,0,36389113362778,36389113365911,36389113369369,36389113463282,36389129348244,36389113353378,8333119,16600000,36389112748244,-1,36389113561996,36389114283961,36389114373927,36389115214747,36389115859685,18066,499674,36389115848699,36389115859685,36389139867579,36389115214747,
0,1646611,36389129402906,36389129402906,0,36389130058741,36389130063095,36389130066798,36389130336370,36389146002906,36389130047633,8334612,16600000,36389129402906,-1,36389130468206,36389131283351,36389131417546,36389132531031,36389133197698,21484,494466,36389133194483,36389133197698,36389156520899,36389132531031,
0,1646619,36389137751805,36389137751805,0,36389138408432,36389138412053,36389138415593,36389138664861,36389154351805,36389138398870,8334084,16600000,36389137751805,-1,36389138773544,36389139432439,36389139559636,36389140451034,36389141112289,13631,399089,36389141112289,36389140969060,36389164848455,36389140451034,
0,1646627,36389146078032,36389146078032,0,36389146989527,36389146993271,36389146996974,36389147106104,36389162678032,36389146975611,8334084,16600000,36389146078032,-1,36389147216334,36389147943385,36389148135971,36389148884750,36389149566350,15584,388997,36389149566350,36389149361964,36389173178411,36389148884750,
0,1646635,36389154412116,36389154412116,0,36389155118352,36389155121892,36389155125514,36389155226181,36389171012116,36389155108546,8334474,16600000,36389154412116,-1,36389155332626,36389156649033,36389156730453,36389157606918,36389158285629,14811,473064,36389158214991,36389158285629,36389181537013,36389157606918,
0,1646643,36389162753763,36389162753763,0,36389163397446,36389163401474,36389163405177,36389163655095,36389179353763,36389163388494,8334849,16600000,36389162753763,-1,36389163761378,36389164485580,36389164596583,36389165447372,36389165961573,16276,397014,36389165961573,36389165941269,36389189905258,36389165447372,
0,1646651,36389171093496,36389171093496,0,36389171572535,36389171573552,36389171574366,36389171617009,36389187693496,36389171569768,8334584,16600000,36389171093496,-1,36389171649195,36389172401759,36389172500798,36389173166163,36389174940252,17090,360392,36389174940252,36389173629827,36389198205266,36389173166163,
0,1646660,36389187759856,36389187759856,0,36389188533351,36389188538396,36389188543482,36389188679591,36389204359856,36389188521306,8335070,16600000,36389187759856,-1,36389188827255,36389189767034,36389189965805,36389190828883,36389194688339,25920,438883,36389194688339,36389191421697,36389214907171,36389190828883,
0,1646668,36389196100496,36389196100496,0,36389196886703,36389196891546,36389196896510,36389197012029,36389212700496,36389196874822,8335837,16600000,36389196100496,-1,36389197141017,36389198086695,36389198233017,36389199099228,36389200221949,23763,544393,36389200221949,36389199786443,36389223233261,36389199099228,
0,1646676,36389204449186,36389204449186,0,36389205536362,36389205542140,36389205547999,36389205745020,36389221049186,36389205520126,8335837,16600000,36389204449186,-1,36389205955795,36389207388372,36389207510076,36389208740789,36389209857447,20263,565267,36389209857447,36389209440862,36389231535141,36389208740789,
0,1646685,36389221129162,36389221129162,0,36389221786402,36389221789617,36389221793401,36389222065699,36389237729162,36389221775172,8336299,16600000,36389221129162,-1,36389222196681,36389222991847,36389223155706,36389224198105,36389224867376,25431,453247,36389224867376,36389224818670,36389248217677,36389224198105,
0,1646693,36389229465461,36389229465461,0,36389230181340,36389230183904,36389230185979,36389230258448,36389246065461,36389230175074,8336483,16600000,36389229465461,-1,36389230320175,36389231304916,36389231416204,36389232354273,36389236770899,17293,412191,36389236770899,36389232887151,36389256559718,36389232354273,
0,1646701,36389237805340,36389237805340,0,36389238488551,36389238490707,36389238492945,36389238565984,36389254405340,36389238481552,8336483,16600000,36389237805340,-1,36389238653753,36389239464747,36389239586166,36389240863307,36389241885076,14323,506144,36389241885076,36389241468979,36389265014023,36389240863307,
0,1646709,36389246141823,36389246141823,0,36389246915390,36389246919418,36389246922958,36389247028549,36389262741823,36389246904322,8335999,16600000,36389246141823,-1,36389247146021,36389247959010,36389248135849,36389248977320,36389251334457,22786,445435,36389251334457,36389249548121,36389273217840,36389248977320,
0,1646717,36389254469494,36389254469494,0,36389255172511,36389255175440,36389255178899,36389255271428,36389271069494,36389255163193,8335614,16600000,36389254469494,-1,36389255378810,36389256190781,36389256308497,36389257099391,36389261695012,17415,417806,36389261695012,36389257639755,36389281542750,36389257099391,
0,1646725,36389262799691,36389262799691,0,36389263653549,36389263655828,36389263658106,36389263740667,36389279399691,36389263646144,8335683,16600000,36389262799691,-1,36389263822454,36389264494532,36389264572250,36389265520574,36389268221176,15544,313110,36389268221176,36389265916570,36389289865829,36389265520574,
0,1646733,36389271136433,36389271136433,0,36389271745509,36389271748072,36389271750432,36389271841090,36389287736433,36389271738185,8337436,16600000,36389271136433,-1,36389272141342,36389273319565,36389273404770,36389274188095,36389277749252,21810,430461,36389277749252,36389274747869,36389298203110,36389274188095,
0,1646741,36389279505939,36389279505939,0,36389281037379,36389281039617,36389281041733,36389281116155,36389296105939,36389281030380,8336917,16600000,36389279505939,-1,36389281201563,36389281922389,36389282023097,36389282634710,36389285041977,14567,382161,36389285041977,36389283125676,36389306555974,36389282634710,
0,1646749,36389287833230,36389287833230,0,36389288599350,36389288601873,36389288604436,36389288677149,36389304433230,36389288593165,8337037,16600000,36389287833230,-1,36389288748235,36389289393661,36389289489894,36389290181544,36389293565130,13835,365031,36389293565130,36389290647812,36389314881373,36389290181544,
0,1646757,36389296167602,36389296167602,0,36389296939397,36389296942774,36389296946152,36389297047104,36389312767602,36389296929713,8336880,16600000,36389296167602,-1,36389297156113,36389298181056,36389298282862,36389299104518,36389300097967,20548,441081,36389300097967,36389299673040,36389323271754,36389299104518,
0,1646765,36389304497739,36389304497739,0,36389305298854,36389305302231,36389305306056,36389305437078,36389321097739,36389305287216,8336103,16600000,36389304497739,-1,36389305574773,36389306575628,36389306722275,36389307760523,36389308453842,23152,557251,36389308235743,36389308453842,36389331570501,36389307760523,
0,1646773,36389312820803,36389312820803,0,36389313462265,36389313465357,36389313468531,36389313571477,36389329420803,36389313452418,8335898,16600000,36389312820803,-1,36389313684148,36389314752955,36389315004094,36389316325872,36389317351181,24211,878744,36389316803452,36389317351181,36389339896469,36389316325872,
0,1646781,36389321152557,36389321152557,0,36389321915105,36389321918279,36389321921412,36389322029200,36389337752557,36389321905258,8335419,16600000,36389321152557,-1,36389322142319,36389323862778,36389324349920,36389326268214,36389327501979,25187,682373,36389327501979,36389327252223,36389348209864,36389326268214,
0,1646789,36389329480226,36389329480226,0,36389330304998,36389330308660,36389330312973,36389330434026,36389346080226,36389330293320,8335362,16600000,36389329480226,-1,36389330563054,36389331446518,36389331567286,36389332535589,36389334852198,19247,352905,36389334852198,36389332988388,36389356527369,36389332535589,
0,1646797,36389337818000,36389337818000,0,36389339153061,36389339155869,36389339158513,36389339274521,36389354418000,36389339144435,8335355,16600000,36389337818000,-1,36389339549749,36389340295151,36389340412379,36389341505722,36389342193344,18758,546183,36389342083806,36389342193344,36389364876409,36389341505722,
0,1646805,36389346152735,36389346152735,0,36389346939194,36389346943507,36389346947495,36389347062078,36389362752735,36389346927963,8335002,16600000,36389346152735,-1,36389347186427,36389348176865,36389348320663,36389349258367,36389349834376,21851,453939,36389349770737,36389349834376,36389373214788,36389349258367,
0,1646813,36389354482630,36389354482630,0,36389355242009,36389355245550,36389355249171,36389355364324,36389371082630,36389355231430,8334261,16600000,36389354482630,-1,36389355489161,36389356218857,36389356367986,36389357301865,36389357885646,20874,461507,36389357756332,36389357885646,36389381559107,36389357301865,
0,1646821,36389362806049,36389362806049,0,36389363505681,36389363509750,36389363513372,36389363614975,36389379406049,36389363495387,8333202,16600000,36389362806049,-1,36389363726588,36389364426214,36389364511948,36389365200343,36389366286240,14893,368124,36389366286240,36389365670232,36389389881658,36389365200343,
0,1646829,36389371124238,36389371124238,0,36389371730657,36389371734197,36389371737696,36389371827499,36389387724238,36389371721827,8332642,16600000,36389371124238,-1,36389371926132,36389372570338,36389372658473,36389373347315,36389374149724,14892,378011,36389374149724,36389373837346,36389398201848,36389373347315,
0,1646837,36389379449571,36389379449571,0,36389380125880,36389380129461,36389380132960,36389380228012,36389396049571,36389380116155,8332659,16600000,36389379449571,-1,36389380330185,36389380893784,36389381022079,36389381852524,36389382343735,16317,379964,36389382342473,36389382343735,36389406542547,36389381852524,
0,1646845,36389387782035,36389387782035,0,36389388490952,36389388494288,36389388497828,36389388740545,36389404382035,36389388481634,8332288,16600000,36389387782035,-1,36389388843653,36389389422267,36389389548894,36389390355454,36389390942449,16602,445191,36389390942449,36389390918849,36389414881821,36389390355454,
0,1646853,36389396111026,36389396111026,0,36389397022893,36389397026352,36389397029851,36389397131658,36389412711026,36389397008896,8332339,16600000,36389396111026,-1,36389397238347,36389397769353,36389397877548,36389398674993,36389399265203,17497,396932,36389399265203,36389399188136,36389423211533,36389398674993,
0,1646861,36389404443880,36389404443880,0,36389405562444,36389405565821,36389405569239,36389405683904,36389421043880,36389405552068,8332126,16600000,36389404443880,-1,36389405796941,36389406419744,36389406554103,36389407322861,36389409909449,18555,416342,36389409909449,36389407859889,36389431595240,36389407322861,
0,1646877,36389421097440,36389421097440,0,36389421755315,36389421759344,36389421763006,36389421879379,36389437697440,36389421744939,8331289,16600000,36389421097440,-1,36389422004501,36389423854762,36389423975815,36389425599960,36389426917831,145101,634196,36389426917831,36389426528305,36389448216944,36389425599960,
0,1646885,36389429427428,36389429427428,0,36389430084295,36389430087713,36389430091334,36389430197983,36389446027428,36389430074122,8331157,16600000,36389429427428,-1,36389430302556,36389430471583,36389430565537,36389431783636,36389432612249,13875,584757,36389432612249,36389432478907,36389456735174,36389431783636,
0,1646893,36389437758105,36389437758105,0,36389438418727,36389438421860,36389438425400,36389438531275,36389454358105,36389438409124,8331157,16600000,36389437758105,-1,36389438641464,36389439858098,36389439945419,36389441013087,36389445879420,14241,592285,36389445879420,36389441704615,36389464911728,36389441013087,
0,1646901,36389446089262,36389446089262,0,36389446842473,36389446847519,36389446852361,36389446990341,36389462689262,36389446830266,8333676,16600000,36389446089262,-1,36389447149765,36389447993393,36389448203273,36389449314438,36389450030869,21647,564534,36389449923040,36389450030869,36389473219915,36389449314438,
0,1646909,36389454457367,36389454457367,0,36389455048162,36389455051661,36389455055120,36389455158310,36389471057367,36389455038640,8333625,16600000,36389454457367,-1,36389455268295,36389455613876,36389455662867,36389455955307,36389456974391,8870,201131,36389456974391,36389456195948,36389481572291,36389455955307,
0,1646917,36389462789851,36389462789851,0,36389463361476,36389463364894,36389463368352,36389463458237,36389479389851,36389463351100,8336189,16600000,36389462789851,-1,36389463558497,36389463813258,36389463840480,36389464119858,36389465330307,7202,144938,36389465330307,36389464307643,36389489958074,36389464119858,
0,1646925,36389471172276,36389471172276,0,36389471804794,36389471808131,36389471811549,36389471909571,36389487772276,36389471794622,8335936,16600000,36389471172276,-1,36389472094060,36389472865911,36389472977361,36389473827744,36389474543483,18432,395386,36389474543483,36389474357692,36389498250839,36389473827744,
0,1646933,36389479503878,36389479503878,0,36389480213567,36389480217026,36389480220851,36389480320053,36389496103878,36389480203557,8335335,16600000,36389479503878,-1,36389480427679,36389481012965,36389481086858,36389481755234,36389482652613,15543,369995,36389482652613,36389482233790,36389506566310,36389481755234,
0,1646941,36389487828726,36389487828726,0,36389488273666,36389488274318,36389488274887,36389488302963,36389504428726,36389488271591,8335281,16600000,36389487828726,-1,36389488334783,36389488990748,36389489073308,36389489755519,36389490509913,15503,379598,36389490509913,36389490252548,36389514955022,36389489755519,
0,1646949,36389496161952,36389496161952,0,36389496770777,36389496774318,36389496778468,36389496874049,36389512761952,36389496761378,8335806,16600000,36389496161952,-1,36389496980128,36389497303696,36389497353948,36389498060532,36389499014145,14404,484294,36389499014145,36389498672226,36389523234645,36389498060532,
0,1646957,36389504507003,36389504507003,0,36389505142685,36389505145818,36389505149277,36389505244451,36389521107003,36389505133245,8336488,16600000,36389504507003,-1,36389505345403,36389505659693,36389505685084,36389505929306,36389507234604,5982,148478,36389507234604,36389506116765,36389531603256,36389505929306,
0,1646965,36389512849499,36389512849499,0,36389514018051,36389514022405,36389514027044,36389514206324,36389529449499,36389514003932,8336469,16600000,36389512849499,-1,36389514388168,36389514896551,36389514938014,36389515340398,36389516490138,11922,211141,36389516490138,36389515613795,36389539926092,36389515340398,
0,1646974,36389529527539,36389529527539,0,36389530080511,36389530084702,36389530088527,36389530195175,36389546127539,36389530071111,8336640,16600000,36389529527539,-1,36389530319931,36389530670639,36389530706772,36389530993434,36389532205266,7731,159342,36389532205266,36389531193141,36389556575546,36389530993434,
0,1646982,36389537855263,36389537855263,0,36389539050685,36389539056178,36389539061223,36389539183863,36389554455263,36389539038763,8336399,16600000,36389537855263,-1,36389539321030,36389539662623,36389539691554,36389539954575,36389542060898,6307,199178,36389542060898,36389540203435,36389564944484,36389539954575,
0,1646990,36389546188623,36389546188623,0,36389547187200,36389547190130,36389547192368,36389547287908,36389562788623,36389547173203,8336399,16600000,36389546188623,-1,36389547382065,36389547638331,36389547682114,36389547982936,36389550376246,6266,209554,36389550376246,36389548229477,36389573240585,36389547982936,
0,1646998,36389554525022,36389554525022,0,36389555252508,36389555256170,36389555259954,36389555366440,36389571125022,36389555242539,8336148,16600000,36389554525022,-1,36389555481837,36389555760157,36389555790105,36389556094386,36389556967758,6185,154094,36389556967758,36389556287745,36389581609401,36389556094386,
0,1647006,36389562856695,36389562856695,0,36389563476507,36389563479314,36389563482122,36389563555934,36389579456695,36389563469060,8335613,16600000,36389562856695,-1,36389563632350,36389563916529,36389563952418,36389564268987,36389565111272,5249,138184,36389565111272,36389564451848,36389589902776,36389564268987,
0,1647014,36389571182665,36389571182665,0,36389571744532,36389571746486,36389571748357,36389571821722,36389587782665,36389571738632,8335704,16600000,36389571182665,-1,36389571897324,36389572226059,36389572257390,36389572489324,36389573521347,4842,127482,36389573521347,36389572656764,36389598319524,36389572489324,
0,1647022,36389579519801,36389579519801,0,36389580198593,36389580200913,36389580203028,36389580443466,36389596119801,36389580192327,8335081,16600000,36389579519801,-1,36389580522771,36389580769679,36389580805445,36389581040472,36389585094060,5412,149658,36389585094060,36389581232936,36389606579371,36389581040472,
0,1647030,36389587844458,36389587844458,0,36389588462102,36389588464707,36389588467189,36389588541367,36389604444458,36389588455307,8334712,16600000,36389587844458,-1,36389588624985,36389588879095,36389588902451,36389589143540,36389593259181,5168,129883,36389593259181,36389589317897,36389614913763,36389589143540,
0,1647038,36389596175608,36389596175608,0,36389597956569,36389597960515,36389597964096,36389598048040,36389612775608,36389597948064,8333826,16600000,36389596175608,-1,36389598144475,36389598494939,36389598508204,36389598766627,36389601059637,6307,150350,36389601059637,36389598963567,36389623279689,36389598766627,
0,1647047,36389612838648,36389612838648,0,36389613558294,36389613562037,36389613565659,36389613661403,36389629438648,36389613549179,8333138,16600000,36389612838648,-1,36389613772690,36389614041733,36389614068182,36389614298894,36389615414820,5127,150553,36389615414820,36389614488714,36389639916611,36389614298894,
0,1647055,36389621159558,36389621159558,0,36389621810898,36389621814153,36389621817571,36389621907252,36389637759558,36389621800888,8332920,16600000,36389621159558,-1,36389622010483,36389622277613,36389622302923,36389622579371,36389623797755,5697,122762,36389623797755,36389622738470,36389648269353,36389622579371,
0,1647063,36389629488879,36389629488879,0,36389630089137,36389630092596,36389630096054,36389630180771,36389646088879,36389630080348,8332920,16600000,36389629488879,-1,36389630280218,36389630523341,36389630556585,36389630782659,36389632028712,4720,124064,36389632028712,36389630941798,36389656581080,36389630782659,
0,1647071,36389637821799,36389637821799,0,36389638557806,36389638562241,36389638566879,36389638672348,36389654421799,36389638546412,8332518,16600000,36389637821799,-1,36389638793808,36389639877223,36389640073797,36389640873886,36389645109156,18270,422444,36389645109156,36389641418849,36389664914658,36389640873886,
0,1647079,36389646151838,36389646151838,0,36389646856471,36389646860418,36389646864202,36389647098455,36389662751838,36389646847397,8334246,16600000,36389646151838,-1,36389647230372,36389647400823,36389647513697,36389648640040,36389649919459,22989,448039,36389649919459,36389649213160,36389673257879,36389648640040,
0,1647087,36389654505220,36389654505220,0,36389655255804,36389655259506,36389655263413,36389655378688,36389671105220,36389655245346,8334218,16600000,36389654505220,-1,36389655501816,36389656513372,36389656654485,36389657535060,36389658364202,20467,427978,36389658364202,36389658086736,36389681609034,36389657535060,
0,1647095,36389662839233,36389662839233,0,36389663415268,36389663418361,36389663421941,36389663508367,36389679439233,36389663406560,8333534,16600000,36389662839233,-1,36389663606512,36389664308253,36389664412583,36389665114853,36389665967026,16805,361735,36389665967026,36389665587184,36389689931544,36389665114853,
0,1647103,36389671163096,36389671163096,0,36389672621282,36389672624415,36389672627874,36389672717107,36389687763096,36389672610865,8333092,16600000,36389671163096,-1,36389672820948,36389673469996,36389673594060,36389674351344,36389675785467,17863,374308,36389675785467,36389674862574,36389698258937,36389674351344,
0,1647111,36389679489943,36389679489943,0,36389680148789,36389680152044,36389680155625,36389680246160,36389696089943,36389680139389,8333487,16600000,36389679489943,-1,36389680367539,36389681124619,36389681231756,36389682043890,36389683230291,15503,535441,36389683230291,36389682724065,36389706589910,36389682043890,
0,1647119,36389687827767,36389687827767,0,36389688506943,36389688510035,36389688514104,36389688606145,36389704427767,36389688497828,8333590,16600000,36389687827767,-1,36389688707016,36389689419378,36389689665390,36389690603012,36389691695501,24659,424357,36389691695501,36389691273178,36389714928004,36389690603012,
0,1647127,36389696163919,36389696163919,0,36389696787827,36389696791733,36389696795476,36389696893336,36389712763919,36389696778671,8333275,16600000,36389696163919,-1,36389696998561,36389698011337,36389698092718,36389699195623,36389699976629,17294,536011,36389699892685,36389699976629,36389723272324,36389699195623,
0,1647135,36389704493987,36389704493987,0,36389705145493,36389705148504,36389705152085,36389705251287,36389721093987,36389705135239,8333625,16600000,36389704493987,-1,36389705354599,36389706259913,36389706437444,36389707505275,36389710670151,18473,377035,36389710670151,36389707980250,36389731602361,36389707505275,
0,1647143,36389712831193,36389712831193,0,36389713478053,36389713481674,36389713485214,36389713589218,36389729431193,36389713467677,8333213,16600000,36389712831193,-1,36389713698837,36389714583562,36389714751613,36389715595078,36389718492742,17863,612183,36389718492742,36389716320501,36389739916448,36389715595078,
0,1647151,36389721159351,36389721159351,0,36389721755397,36389721758571,36389721762151,36389721851303,36389737759351,36389721746567,8333344,16600000,36389721159351,-1,36389721950587,36389722267726,36389722312729,36389722628199,36389723659612,7772,145549,36389723659612,36389722812241,36389748265773,36389722628199,
0,1647159,36389729494240,36389729494240,0,36389730072169,36389730075302,36389730078802,36389730170639,36389746094240,36389730063665,8333474,16600000,36389729494240,-1,36389730272446,36389731216985,36389731305120,36389732214340,36389735062688,18799,747965,36389735062688,36389733114487,36389756595769,36389732214340,
0,1647167,36389737830160,36389737830160,0,36389738542465,36389738546372,36389738549505,36389738647324,36389754430160,36389738533758,8333295,16600000,36389737830160,-1,36389738687851,36389738973781,36389739183497,36389740355210,36389743239121,114014,448364,36389743239121,36389740912786,36389764926946,36389740355210,
0,1647175,36389746162160,36389746162160,0,36389746979843,36389746983465,36389746986598,36389747106471,36389762762160,36389746970118,8333348,16600000,36389746162160,-1,36389747246282,36389747725083,36389747760809,36389748159978,36389752409938,7609,188558,36389752409938,36389748400131,36389773282822,36389748159978,
0,1647183,36389754494880,36389754494880,0,36389755131333,36389755134100,36389755137273,36389755223984,36389771094880,36389755122828,8333098,16600000,36389754494880,-1,36389755263046,36389755458644,36389755538437,36389756777369,36389759891993,20060,347738,36389759891993,36389757224269,36389781612168,36389756777369,
0,1647191,36389762825773,36389762825773,0,36389763948553,36389763951604,36389763954738,36389764107000,36389779425773,36389763940293,8333297,16600000,36389762825773,-1,36389764213608,36389764775945,36389764886744,36389765535223,36389767141383,15787,347778,36389767141383,36389765985418,36389789933335,36389765535223,
0,1647199,36389771161371,36389771161371,0,36389771761500,36389771764674,36389771768214,36389771872015,36389787761371,36389771752345,8332877,16600000,36389771161371,-1,36389771980535,36389772617376,36389772681178,36389773299057,36389774769638,13590,351969,36389774769638,36389773769435,36389798338201,36389773299057,
0,1647207,36389779489740,36389779489740,0,36389780213160,36389780216416,36389780219752,36389780310369,36389796089740,36389780203232,8334024,16600000,36389779489740,-1,36389780412135,36389780994248,36389781069809,36389781771185,36389782460190,15747,342855,36389782460190,36389782211858,36389806683538,36389781771185,
0,1647215,36389787838065,36389787838065,0,36389788508855,36389788511826,36389788515040,36389788605291,36389804438065,36389788500921,8334032,16600000,36389787838065,-1,36389788698715,36389789194728,36389789306748,36389790030909,36389790620102,13672,341065,36389790620102,36389790472031,36389815010768,36389790030909,
0,1647223,36389796173121,36389796173121,0,36389796989772,36389796992661,36389796995713,36389797082464,36389812773121,36389796981227,8333837,16600000,36389796173121,-1,36389797177109,36389797746486,36389797821884,36389798574407,36389799045110,14527,338298,36389799045110,36389799007797,36389823311305,36389798574407,
0,1647231,36389804504561,36389804504561,0,36389805127793,36389805130804,36389805133977,36389805210800,36389821104561,36389805119939,8335187,16600000,36389804504561,-1,36389805399847,36389806009303,36389806105047,36389806895615,36389807347478,16277,351156,36389807295924,36389807347478,36389831717433,36389806895615,
0,1647239,36389812860369,36389812860369,0,36389813766587,36389813771266,36389813775986,36389813900050,36389829460369,36389813753322,8336112,16600000,36389812860369,-1,36389814031805,36389815142889,36389815257472,36389816434393,36389817200506,24129,563558,36389817169866,36389817200506,36389839969345,36389816434393,
0,1647247,36389821212128,36389821212128,0,36389821982895,36389821987534,36389821991155,36389822101344,36389837812128,36389821972967,8337105,16600000,36389821212128,-1,36389822218084,36389823407089,36389823564153,36389824488022,36389826964015,22298,341919,36389826964015,36389824917303,36389848341945,36389824488022,
0,1647255,36389829563597,36389829563597,0,36389830362981,36389830365057,36389830367050,36389830439031,36389846163597,36389830357000,8337176,16600000,36389829563597,-1,36389830523504,36389831353419,36389831528753,36389832978785,36389833635890,24984,517782,36389833459661,36389833635890,36389856617579,36389832978785,
0,1647263,36389837901138,36389837901138,0,36389838816961,36389838819117,36389838821111,36389838924627,36389854501138,36389838807317,8338195,16600000,36389837901138,-1,36389839030299,36389839625311,36389839736069,36389840427312,36389843454453,15137,310832,36389843454453,36389840813217,36389864938584,36389840427312,
0,1647271,36389846256052,36389846256052,0,36389846782008,36389846784490,36389846786525,36389846869939,36389862856052,36389846775213,8338003,16600000,36389846256052,-1,36389846949570,36389847566513,36389847626897,36389848360540,36389848872015,12776,319214,36389848872015,36389848774603,36389873276881,36389848360540,
0,1647279,36389854588842,36389854588842,0,36389855262518,36389855265122,36389855646062,36389855770086,36389871188842,36389855253606,8338585,16600000,36389854588842,-1,36389855860092,36389856534734,36389856797592,36389857536972,36389858036321,17618,353637,36389858036321,36389857997788,36389881627508,36389857536972,
0,1647287,36389862933926,36389862933926,0,36389863556137,36389863558986,36389863562119,36389863783758,36389879533926,36389863548284,8338073,16600000,36389862933926,-1,36389863866196,36389864527369,36389864632798,36389865243475,36389865759873,13876,323730,36389865759873,36389865661036,36389889941147,36389865243475,
0,1647295,36389871260804,36389871260804,0,36389872211289,36389872213649,36389872216334,36389872296412,36389887860804,36389872203598,8337262,16600000,36389871260804,-1,36389872377874,36389873006211,36389873112819,36389873707138,36389876642522,15503,313069,36389876642522,36389874115870,36389898305975,36389873707138,
0,1647303,36389879583026,36389879583026,0,36389881128851,36389881131658,36389881134344,36389881214178,36389896183026,36389881121079,8336464,16600000,36389879583026,-1,36389881293808,36389881780381,36389881838812,36389882446030,36389883936142,10905,300903,36389883936142,36389882851507,36389906607366,36389882446030,
0,1647311,36389887905804,36389887905804,0,36389888648463,36389888650864,36389888653346,36389888723130,36389904505804,36389888641302,8335959,16600000,36389887905804,-1,36389888792750,36389889335841,36389889426051,36389889986272,36389890790797,11027,336019,36389890790797,36389890419948,36389914945053,36389889986272,
0,1647319,36389896233457,36389896233457,0,36389897262884,36389897267197,36389897271266,36389897382472,36389912833457,36389897249985,8335296,16600000,36389896233457,-1,36389897493190,36389897842107,36389897871526,36389898480901,36389902272365,6144,387451,36389902272365,36389898987534,36389923279607,36389898480901,
0,1647327,36389904557284,36389904557284,0,36389905198187,36389905200628,36389905203436,36389905282130,36389921157284,36389905190496,8335028,16600000,36389904557284,-1,36389905364853,36389906124660,36389906338201,36389907398260,36389908158107,17293,575358,36389907769557,36389908158107,36389931604152,36389907398260,
0,1647342,36389912888579,36389912888579,0,36389913533676,36389913536688,36389913539699,36389913918768,36389929488579,36389913524969,8333944,16600000,36389912888579,-1,36389914009181,36389914222153,36389914244451,36389914472641,36389915386175,3336,94645,36389915386175,36389914591090,36389940040024,36389914472641,
0,1647350,36389921207407,36389921207407,0,36389921936834,36389921939886,36389921942978,36389922018255,36389937807407,36389921929184,8333138,16600000,36389921207407,-1,36389922100205,36389923010076,36389923080470,36389923691880,36389926088242,16032,514405,36389926088242,36389924333847,36389948279404,36389923691880,
0,1647358,36389929529684,36389929529684,0,36389930949407,36389930952337,36389930955267,36389931043401,36389946129684,36389930941269,8332279,16600000,36389929529684,-1,36389931130804,36389931665879,36389931771591,36389932444280,36389933513779,17904,328816,36389933513779,36389932871730,36389956646063,36389932444280,
0,1647366,36389937851421,36389937851421,0,36389938443629,36389938446437,36389938449489,36389938540634,36389954451421,36389938435857,8331233,16600000,36389937851421,-1,36389938635727,36389939123764,36389939266831,36389939835556,36389941354681,18310,445312,36389941354681,36389940383693,36389964988266,36389939835556,
0,1647374,36389946170114,36389946170114,0,36389946702052,36389946704860,36389946707545,36389946801255,36389962770114,36389946694280,8331993,16600000,36389946170114,-1,36389946889837,36389947930120,36389948101141,36389949048325,36389949711655,15787,565552,36389949592718,36389949711655,36389973270900,36389949048325,
0,1647382,36389954518994,36389954518994,0,36389955638372,36389955642360,36389955645534,36389955758937,36389971118994,36389955628484,8331211,16600000,36389954518994,-1,36389955876246,36389956610540,36389956704371,36389957521063,36389958193426,19083,438924,36389958193426,36389958058294,36389981614080,36389957521063,
0,1647390,36389962841017,36389962841017,0,36389963720770,36389963723414,36389963726100,36389963813502,36389979441017,36389963713201,8330713,16600000,36389962841017,-1,36389963904648,36389965129909,36389965232366,36389965889674,36389966515732,15055,367595,36389966515732,36389966396754,36389989936102,36389965889674,
0,1647398,36389971169432,36389971169432,0,36389971895289,36389971897894,36389971900661,36389972335516,36389987769432,36389971886989,8331401,16600000,36389971169432,-1,36389972427516,36389973072780,36389973179957,36389973806463,36389974350245,13021,326375,36389974350245,36389974233099,36389998266342,36389973806463,
0,1647406,36389979511912,36389979511912,0,36389980187689,36389980190130,36389980192734,36389980412990,36389996111912,36389980180364,8331580,16600000,36389979511912,-1,36389980500270,36389981054388,36389981181341,36389981812485,36389982372951,14729,314819,36389982372951,36389982223659,36390006631373,36389981812485,
0,1647414,36389987843875,36389987843875,0,36389988583603,36389988586004,36389988721787,36389988796657,36390004443875,36389988576279,8331922,16600000,36389987843875,-1,36389988876857,36389989460841,36389989587143,36389990166204,36389990681626,15014,271973,36389990681626,36389990530340,36390014954900,36389990166204,
0,1647422,36389996178999,36389996178999,0,36389996681178,36389996683660,36389996686793,36389996763006,36390012778999,36389996673732,8331680,16600000,36389996178999,-1,36389996839015,36389997082749,36389997138860,36389997333888,36389999580470,5411,121378,36389999580470,36389997486150,36390023309148,36389997333888,
0,1647430,36390004506730,36390004506730,0,36390005233139,36390005236150,36390005239853,36390005341904,36390021106730,36390005223211,8332606,16600000,36390004506730,-1,36390005449204,36390006112371,36390006199204,36390006816554,36390009782619,22461,366984,36390009782619,36390007308538,36390031648748,36390006816554,
0,1647438,36390012847603,36390012847603,0,36390013476019,36390013479274,36390013482895,36390013579534,36390029447603,36390013467026,8332876,16600000,36390012847603,-1,36390013678533,36390015257472,36390015346990,36390016389308,36390017935166,25513,723673,36390017935166,36390017245265,36390039987493,36390016389308,
0,1647446,36390021184619,36390021184619,0,36390022060532,36390022064845,36390022068019,36390022220892,36390037784619,36390022048284,8333634,16600000,36390021184619,-1,36390022369126,36390023538559,36390023615871,36390024586533,36390026649114,20752,259725,36390026649114,36390024912786,36390048287827,36390024586533,
0,1647454,36390029526258,36390029526258,0,36390030180893,36390030186346,36390030190211,36390030296372,36390046126258,36390030171168,8333859,16600000,36390029526258,-1,36390030407496,36390031042750,36390031131129,36390032121933,36390032690415,20182,344156,36390032690415,36390032592962,36390056651800,36390032121933,
0,1647462,36390037864099,36390037864099,0,36390038992824,36390038994858,36390038996974,36390039074611,36390054464099,36390038984808,8333943,16600000,36390037864099,-1,36390039158839,36390039948268,36390040125840,36390040863022,36390042886378,19572,350912,36390042886378,36390041305486,36390065019476,36390040863022,
0,1647470,36390046200825,36390046200825,0,36390046865545,36390046868597,36390046871852,36390046980128,36390062800825,36390046856797,8334116,16600000,36390046200825,-1,36390047086736,36390047753322,36390047859930,36390048691432,36390049118271,13835,330729,36390049028712,36390049118271,36390073328924,36390048691432,
0,1647478,36390054538864,36390054538864,0,36390056438014,36390056440455,36390056442653,36390056546779,36390071138864,36390056429103,8334025,16600000,36390054538864,-1,36390056783107,36390057372340,36390057505722,36390058723618,36390059348699,21199,503051,36390058982081,36390059348699,36390081655462,36390058723618,
0,1647486,36390062870561,36390062870561,0,36390063706243,36390063709783,36390063712957,36390063826360,36390079470561,36390063696762,8334071,16600000,36390062870561,-1,36390063945176,36390064638860,36390064720200,36390065805649,36390066439886,17578,435343,36390066439886,36390066354355,36390090033473,36390065805649,
0,1647494,36390071206761,36390071206761,0,36390072534450,36390072537664,36390072541245,36390072642523,36390087806761,36390072525213,8335038,16600000,36390071206761,-1,36390072746445,36390073336696,36390073424302,36390074020859,36390075539780,14079,389933,36390075539780,36390074519598,36390098341172,36390074020859,
0,1647502,36390079556457,36390079556457,0,36390081263169,36390081267482,36390081271103,36390081742376,36390096156457,36390081252264,8335089,16600000,36390079556457,-1,36390081865219,36390082458278,36390082551133,36390083172837,36390084320664,17050,416545,36390084320664,36390083707138,36389048138453,36390083172837,
0,1647510,36390087893275,36390087893275,0,36390088822129,36390088824570,36390088827011,36390088903631,36390104493275,36390088814560,8335029,16600000,36390087893275,-1,36390088989324,36390089570420,36390089634954,36390090240301,36390092282537,16114,373291,36390092282537,36390090727321,36389056505681,36390090240301,
0,1647518,36390096227925,36390096227925,0,36390097090399,36390097094427,36390097098211,36390097215073,36390112827925,36390097079087,8335561,16600000,36390096227925,-1,36390097331203,36390099118149,36390099297023,36390100595159,36390101531601,27059,427042,36390101531601,36390101255641,36389064864934,36390100595159,
0,1647526,36390104573332,36390104573332,0,36390105188014,36390105191025,36390105194362,36390105284490,36390121173332,36390105179428,8335457,16600000,36390104573332,-1,36390105379420,36390106839747,36390106929713,36390108212998,36390109073105,15340,729573,36390108501247,36390109073105,36389073151515,36390108212998,
0,1647534,36390112908675,36390112908675,0,36390113725083,36390113728297,36390113731837,36390113848252,36390129508675,36390113714544,8336708,16600000,36390112908675,-1,36390113967230,36390115339748,36390115469264,36390117059800,36390120212916,26570,1000691,36390120212916,36390118209092,36389081546656,36390117059800,
0,1647542,36390121257985,36390121257985,0,36390122323105,36390122326564,36390122329982,36390122450425,36390137857985,36390122312282,8337508,16600000,36390121257985,-1,36390122573512,36390123554673,36390123725042,36390125003810,36390125647243,27669,508342,36390125343369,36390125647243,36389089864527,36390125003810,
---PROFILEDATA---


View hierarchy:

  org.ultimatemaps.spike.maplibre/org.ultimatemaps.spike.MainActivity/android.view.ViewRootImpl@5304d77
  10 views, 17,58 kB of render nodes


Total ViewRootImpl   : 1
Total attached Views : 10
Total RenderNode     : 17,58 kB (used) / 56,80 kB (capacity)

