Applications Graphics Acceleration Info:
Uptime: 36312046 Realtime: 36312046

** Graphics info for pid 11043 [org.ultimatemaps.spike.maplibre] **

Stats since: 36304545059351ns
Total frames rendered: 654
Janky frames: 0 (0.00%)
Janky frames (legacy): 0 (0.00%)
50th percentile: 5ms
90th percentile: 6ms
95th percentile: 7ms
99th percentile: 9ms
Number Missed Vsync: 0
Number High input latency: 0
Number Slow UI thread: 0
Number Slow bitmap uploads: 0
Number Slow issue draw commands: 0
Number Frame deadline missed: 0
Number Frame deadline missed (legacy): 0
HISTOGRAM: 5ms=556 6ms=64 7ms=20 8ms=6 9ms=3 10ms=2 11ms=2 12ms=0 13ms=1 14ms=0 15ms=0 16ms=0 17ms=0 18ms=0 19ms=0 20ms=0 21ms=0 22ms=0 23ms=0 24ms=0 25ms=0 26ms=0 27ms=0 28ms=0 29ms=0 30ms=0 31ms=0 32ms=0 34ms=0 36ms=0 38ms=0 40ms=0 42ms=0 44ms=0 46ms=0 48ms=0 53ms=0 57ms=0 61ms=0 65ms=0 69ms=0 73ms=0 77ms=0 81ms=0 85ms=0 89ms=0 93ms=0 97ms=0 101ms=0 105ms=0 109ms=0 113ms=0 117ms=0 121ms=0 125ms=0 129ms=0 133ms=0 150ms=0 200ms=0 250ms=0 300ms=0 350ms=0 400ms=0 450ms=0 500ms=0 550ms=0 600ms=0 650ms=0 700ms=0 750ms=0 800ms=0 850ms=0 900ms=0 950ms=0 1000ms=0 1050ms=0 1100ms=0 1150ms=0 1200ms=0 1250ms=0 1300ms=0 1350ms=0 1400ms=0 1450ms=0 1500ms=0 1550ms=0 1600ms=0 1650ms=0 1700ms=0 1750ms=0 1800ms=0 1850ms=0 1900ms=0 1950ms=0 2000ms=0 2050ms=0 2100ms=0 2150ms=0 2200ms=0 2250ms=0 2300ms=0 2350ms=0 2400ms=0 2450ms=0 2500ms=0 2550ms=0 2600ms=0 2650ms=0 2700ms=0 2750ms=0 2800ms=0 2850ms=0 2900ms=0 2950ms=0 3000ms=0 3050ms=0 3100ms=0 3150ms=0 3200ms=0 3250ms=0 3300ms=0 3350ms=0 3400ms=0 3450ms=0 3500ms=0 3550ms=0 3600ms=0 3650ms=0 3700ms=0 3750ms=0 3800ms=0 3850ms=0 3900ms=0 3950ms=0 4000ms=0 4050ms=0 4100ms=0 4150ms=0 4200ms=0 4250ms=0 4300ms=0 4350ms=0 4400ms=0 4450ms=0 4500ms=0 4550ms=0 4600ms=0 4650ms=0 4700ms=0 4750ms=0 4800ms=0 4850ms=0 4900ms=0 4950ms=0
50th gpu percentile: 2ms
90th gpu percentile: 4ms
95th gpu percentile: 4ms
99th gpu percentile: 6ms
GPU HISTOGRAM: 1ms=257 2ms=233 3ms=86 4ms=60 5ms=8 6ms=4 7ms=2 8ms=1 9ms=2 10ms=1 11ms=0 12ms=0 13ms=0 14ms=0 15ms=0 16ms=0 17ms=0 18ms=0 19ms=0 20ms=0 21ms=0 22ms=0 23ms=0 24ms=0 25ms=0 4950ms=0

Pipeline=Skia (Vulkan)
Memory policy:
  Max surface area: 2592000
  Max resource usage: 124.42MB (x48)
  Background retention: 50% (altUiHidden = true)
  GPU Context timeout: 10
Contexts: 1 (stopped = 0)
CPU Caches:
  Glyph Cache: 0.00 bytes (1 entry)
  Glyph Count: 0 
Total CPU memory usage:
  0 bytes, 0.00 bytes (0.00 bytes is purgeable)
GPU Caches:
  Other:
    Other: 0.00 bytes (1 entry)
  Image:
    Surface: 65.96 KB (2 entries)
  Scratch:
    Buffer Object: 64.00 KB (2 entries)
    Surface: 98.88 MB (22 entries)
Layer Info:
    VkLayer size 1080x2400
  Layers Total         10125.00 KB (numLayers = 1)
Total GPU memory usage:
  103813072 bytes, 99.00 MB (32.00 KB is purgeable)
Pipeline Cache: inactiveTextureView: 1080x2400

GraphicBufferAllocator buffers:
            Handle |         Size |     W (Stride) x H | Layers |   Format |      Usage | Requestor
0xb400007b0be7c710 | 10200.00 KiB | 1080 (1088) x 2400 |      1 |        1 | 0x     b00 | VRI[MainActivity]#0(BLAST Consumer)0
0xb400007b0be7c870 | 10200.00 KiB | 1080 (1088) x 2400 |      1 |        1 | 0x     b00 | VRI[MainActivity]#0(BLAST Consumer)0
0xb400007b0be7d0b0 | 10200.00 KiB | 1080 (1088) x 2400 |      1 |        1 | 0x     b00 | VRI[MainActivity]#0(BLAST Consumer)0
0xb400007b0be7eef0 | 10200.00 KiB | 1080 (1088) x 2400 |      1 |        1 | 0x     300 | SurfaceTexture-0-11043-0
0xb400007b0be7f310 | 10200.00 KiB | 1080 (1088) x 2400 |      1 |        1 | 0x     300 | SurfaceTexture-0-11043-0
0xb400007b0be7f470 | 10200.00 KiB | 1080 (1088) x 2400 |      1 |        1 | 0x     300 | SurfaceTexture-0-11043-0
0xb400007b0be804f0 | 10200.00 KiB | 1080 (1088) x 2400 |      1 |        1 | 0x     300 | SurfaceTexture-0-11043-0
0xb400007b0be81f10 | 10200.00 KiB | 1080 (1088) x 2400 |      1 |        1 | 0x     b00 | VRI[MainActivity]#0(BLAST Consumer)0
0xb400007b0be82070 | 10200.00 KiB | 1080 (1088) x 2400 |      1 |        1 | 0x     b00 | VRI[MainActivity]#0(BLAST Consumer)0
0xb400007b0be84dd0 | 10200.00 KiB | 1080 (1088) x 2400 |      1 |        1 | 0x     300 | SurfaceTexture-0-11043-0
Total allocated by GraphicBufferAllocator (estimate): 102000.00 KB
Imported gralloc buffers:
Total imported by gralloc: 0KiB

Profile data in ms:

	org.ultimatemaps.spike.maplibre/org.ultimatemaps.spike.MainActivity/android.view.ViewRootImpl@5304d77 (visibility=0)
Window: org.ultimatemaps.spike.maplibre/org.ultimatemaps.spike.MainActivity
Stats since: 36304545057683ns
Total frames rendered: 654
Janky frames: 0 (0.00%)
Janky frames (legacy): 0 (0.00%)
50th percentile: 5ms
90th percentile: 6ms
95th percentile: 7ms
99th percentile: 9ms
Number Missed Vsync: 0
Number High input latency: 0
Number Slow UI thread: 0
Number Slow bitmap uploads: 0
Number Slow issue draw commands: 0
Number Frame deadline missed: 0
Number Frame deadline missed (legacy): 0
HISTOGRAM: 5ms=556 6ms=64 7ms=20 8ms=6 9ms=3 10ms=2 11ms=2 12ms=0 13ms=1 14ms=0 15ms=0 16ms=0 17ms=0 18ms=0 19ms=0 20ms=0 21ms=0 22ms=0 23ms=0 24ms=0 25ms=0 26ms=0 27ms=0 28ms=0 29ms=0 30ms=0 31ms=0 32ms=0 34ms=0 36ms=0 38ms=0 40ms=0 42ms=0 44ms=0 46ms=0 48ms=0 53ms=0 57ms=0 61ms=0 65ms=0 69ms=0 73ms=0 77ms=0 81ms=0 85ms=0 89ms=0 93ms=0 97ms=0 101ms=0 105ms=0 109ms=0 113ms=0 117ms=0 121ms=0 125ms=0 129ms=0 133ms=0 150ms=0 200ms=0 250ms=0 300ms=0 350ms=0 400ms=0 450ms=0 500ms=0 550ms=0 600ms=0 650ms=0 700ms=0 750ms=0 800ms=0 850ms=0 900ms=0 950ms=0 1000ms=0 1050ms=0 1100ms=0 1150ms=0 1200ms=0 1250ms=0 1300ms=0 1350ms=0 1400ms=0 1450ms=0 1500ms=0 1550ms=0 1600ms=0 1650ms=0 1700ms=0 1750ms=0 1800ms=0 1850ms=0 1900ms=0 1950ms=0 2000ms=0 2050ms=0 2100ms=0 2150ms=0 2200ms=0 2250ms=0 2300ms=0 2350ms=0 2400ms=0 2450ms=0 2500ms=0 2550ms=0 2600ms=0 2650ms=0 2700ms=0 2750ms=0 2800ms=0 2850ms=0 2900ms=0 2950ms=0 3000ms=0 3050ms=0 3100ms=0 3150ms=0 3200ms=0 3250ms=0 3300ms=0 3350ms=0 3400ms=0 3450ms=0 3500ms=0 3550ms=0 3600ms=0 3650ms=0 3700ms=0 3750ms=0 3800ms=0 3850ms=0 3900ms=0 3950ms=0 4000ms=0 4050ms=0 4100ms=0 4150ms=0 4200ms=0 4250ms=0 4300ms=0 4350ms=0 4400ms=0 4450ms=0 4500ms=0 4550ms=0 4600ms=0 4650ms=0 4700ms=0 4750ms=0 4800ms=0 4850ms=0 4900ms=0 4950ms=0
50th gpu percentile: 2ms
90th gpu percentile: 4ms
95th gpu percentile: 4ms
99th gpu percentile: 6ms
GPU HISTOGRAM: 1ms=257 2ms=233 3ms=86 4ms=60 5ms=8 6ms=4 7ms=2 8ms=1 9ms=2 10ms=1 11ms=0 12ms=0 13ms=0 14ms=0 15ms=0 16ms=0 17ms=0 18ms=0 19ms=0 20ms=0 21ms=0 22ms=0 23ms=0 24ms=0 25ms=0 4950ms=0



---PROFILEDATA---
Flags,FrameTimelineVsyncId,IntendedVsync,Vsync,InputEventId,HandleInputStart,AnimationStart,PerformTraversalsStart,DrawStart,FrameDeadline,FrameStartTime,FrameInterval,WorkloadTarget,AnimationTime,AnimationCounter,SyncQueued,SyncStart,IssueDrawCommandsStart,SwapBuffers,FrameCompleted,DequeueBufferDuration,QueueBufferDuration,GpuCompleted,SwapBuffersCompleted,DisplayPresentTime,CommandSubmissionCompleted,
0,1594145,36310070309208,36310070309208,-1037761740,36310071019152,36310071506172,36310071507026,36310071536282,36310086909208,36310071016222,8336342,16600000,36310070309208,-1,36310071561917,36310071841702,36310071869860,36310072153511,36310074073432,5616,188436,36310074073432,36310072384223,36310097450101,36310072153511,
0,1594160,36310078681079,36310078681079,-862917734,36310079320014,36310081213203,36310081214302,36310081249702,36310095281079,36310079310859,8335731,16600000,36310078681079,-1,36310081273587,36310081505887,36310081535306,36310081786567,36310085729845,8219,167684,36310085729845,36310082002103,36310105737576,36310081786567,
0,1594175,36310087009845,36310087009845,-526287407,36310088727444,36310090943265,36310090944119,36310090987536,36310103609845,36310088717068,8335127,16600000,36310087009845,-1,36310091028266,36310091331448,36310091362902,36310091781196,36310093159817,10214,487102,36310093159817,36310092384508,36310114069485,36310091781196,
0,1594190,36310095328095,36310095328095,-843548342,36310095999539,36310098605659,36310098606758,36310098651761,36310111928095,36310095990506,8335316,16600000,36310095328095,-1,36310098696154,36310099040351,36310099074002,36310099401191,36310102088732,6674,313599,36310102088732,36310099786201,36310122449734,36310099401191,
0,1594205,36310103669822,36310103669822,-280405323,36310104233792,36310105315416,36310105317492,36310105379910,36310120269822,36310104228502,8335628,16600000,36310103669822,-1,36310105439887,36310105867622,36310105950223,36310106463284,36310108697700,10050,379028,36310108697700,36310106949328,36310130721626,36310106463284,
0,1594220,36310112014286,36310112014286,-208204915,36310113015775,36310115439725,36310115443265,36310115548896,36310128614286,36310113005683,8334832,16600000,36310112014286,-1,36310115650825,36310116452746,36310116563911,36310117250068,36310118101224,20264,425741,36310118101224,36310117804267,36310139084215,36310117250068,
0,1594235,36310120330700,36310120330700,-508835374,36310120970486,36310123238919,36310123239529,36310123280911,36310136930700,36310120960436,8334596,16600000,36310120330700,-1,36310123315620,36310123953559,36310124316190,36310125640449,36310126454210,21199,650432,36310126083605,36310126454210,36310147415840,36310125640449,
0,1594250,36310128660244,36310128660244,-140010777,36310129419217,36310131126167,36310131127184,36310131177192,36310145260244,36310129412218,8334424,16600000,36310128660244,-1,36310131228991,36310131890571,36310132251330,36310133391832,36310134561347,18351,757691,36310134501614,36310134561347,36310155786730,36310133391832,
0,1594265,36310136995292,36310136995292,0,36310137714464,36310138070462,36310138074165,36310138180692,36310153595292,36310137705594,8333684,16600000,36310136995292,-1,36310138284858,36310138865709,36310138972602,36310139563016,36310141354194,11922,356404,36310141354194,36310140219469,36310164157457,36310139563016,
0,1594280,36310145317657,36310145317657,-19800636,36310146348742,36310149089342,36310149091906,36310149193021,36310161917657,36310146338895,8334708,16600000,36310145317657,-1,36310149268338,36310149620470,36310149653917,36310149966499,36310153625150,9115,269166,36310153625150,36310150361722,36310172402534,36310149966499,
0,1594295,36310153663483,36310153663483,-488300982,36310154352933,36310157056790,36310157059557,36310157162625,36310170263483,36310154343411,8334817,16600000,36310153663483,-1,36310157242825,36310157988716,36310158078356,36310158823839,36310159755236,20915,545817,36310159755236,36310159510526,36310180744290,36310158823839,
0,1594310,36310161998672,36310161998672,-203447063,36310162461087,36310162938707,36310162939399,36310162972114,36310178598672,36310162458401,8335191,16600000,36310161998672,-1,36310163003649,36310163166124,36310163183906,36310163922309,36310165443997,3987,345947,36310165443997,36310164808662,36310189108467,36310163922309,
0,1594325,36310170340345,36310170340345,-612254706,36310171101346,36310171118883,36310171119453,36310171157539,36310186940345,36310171097440,8335728,16600000,36310170340345,-1,36310171204861,36310172205472,36310172305651,36310173233874,36310173852770,21525,494507,36310173804308,36310173852770,36310197412340,36310173233874,
0,1594334,36310187022476,36310187022476,0,36310187705838,36310187708239,36310187709744,36310187786730,36310203622476,36310187697903,8335809,16600000,36310187022476,-1,36310187855618,36310188804308,36310188916084,36310189836046,36310191890408,26367,691976,36310191890408,36310190651313,36310214092191,36310189836046,
0,1594342,36310195352829,36310195352829,0,36310196491116,36310196494331,36310196497586,36310196608792,36310211952829,36310196480740,8335448,16600000,36310195352829,-1,36310196726387,36310197319730,36310197419909,36310198080960,36310199322008,19002,443319,36310199322008,36310198641059,36310222487658,36310198080960,
0,1594350,36310203684329,36310203684329,0,36310204483874,36310204487617,36310204490506,36310204589790,36310220284329,36310204475044,8335448,16600000,36310203684329,-1,36310204696846,36310205033922,36310205066230,36310205357327,36310207426541,6917,176107,36310207426541,36310205572049,36310230775825,36310205357327,
0,1594358,36310212019777,36310212019777,-508133360,36310212624132,36310212626736,36310212629870,36310212747098,36310228619777,36310212612210,8334680,16600000,36310212019777,-1,36310212870470,36310213556383,36310213697537,36310214544420,36310215039904,19979,387980,36310215039904,36310215023994,36310239088284,36310214544420,
0,1594373,36310220333609,36310220333609,-533577518,36310220926175,36310223270250,36310223274116,36310223413846,36310236933609,36310220917223,8333989,16600000,36310220333609,-1,36310223537178,36310223782824,36310223815010,36310224143338,36310225426623,8585,163046,36310225426623,36310224352648,36310247397855,36310224143338,
0,1594388,36310228667598,36310228667598,-123924122,36310229237983,36310231279935,36310231280545,36310231319974,36310245267598,36310229226631,8334408,16600000,36310228667598,-1,36310231356391,36310232650418,36310232725166,36310233547391,36310235304145,17374,575521,36310235304145,36310234249376,36310255763577,36310233547391,
0,1594403,36310237012083,36310237012083,-14664569,36310237569201,36310238342801,36310238344103,36310238387723,36310253612083,36310237565498,8333814,16600000,36310237012083,-1,36310238432156,36310238976020,36310239137153,36310239886380,36310240870389,14567,888916,36310240616727,36310240870389,36310264105985,36310239886380,
0,1594418,36310245339512,36310245339512,-327690670,36310245889066,36310247562690,36310247563870,36310247627591,36310261939512,36310245880195,8335046,16600000,36310245339512,-1,36310247695625,36310248138333,36310248186999,36310248529731,36310249821032,10132,716471,36310249821032,36310249332303,36310272485176,36310248529731,
0,1594433,36310253686393,36310253686393,-359650847,36310254601224,36310256170234,36310256171374,36310256229194,36310270286393,36310254591621,8334294,16600000,36310253686393,-1,36310256285835,36310256723213,36310256767850,36310257176297,36310257801582,11190,517008,36310257681505,36310257801582,36310280785876,36310257176297,
0,1594448,36310262007848,36310262007848,-467861641,36310262798164,36310263763008,36310263764147,36310263819038,36310278607848,36310262793281,8333577,16600000,36310262007848,-1,36310263874092,36310264670600,36310264757596,36310265749132,36310266721382,18310,371379,36310266721382,36310266233751,36310289106269,36310265749132,
0,1594463,36310270333055,36310270333055,-638653676,36310270948717,36310273041002,36310273044136,36310273133491,36310286933055,36310270938748,8333877,16600000,36310270333055,-1,36310273234850,36310273819363,36310273916898,36310274475776,36310275901761,12126,316406,36310275901761,36310274911486,36310297451728,36310274475776,
0,1594478,36310278670825,36310278670825,-398555362,36310279129463,36310279543891,36310279544705,36310279577990,36310295270825,36310279127225,8334908,16600000,36310278670825,-1,36310279613878,36310280297920,36310280449490,36310281043403,36310281703153,16805,336711,36310281703153,36310281473253,36310305777453,36310281043403,
0,1594493,36310287021453,36310287021453,-508083592,36310287663642,36310289264513,36310289268664,36310289537788,36310303621453,36310287658271,8334802,16600000,36310287021453,-1,36310289653063,36310290270413,36310290372668,36310291290799,36310292354845,20955,428833,36310292354845,36310291865465,36310314082628,36310291290799,
0,1594508,36310295355528,36310295355528,-6699495,36310296432807,36310298419176,36310298422635,36310298529975,36310311955528,36310296415799,8334443,16600000,36310295355528,-1,36310298634956,36310299139066,36310299211291,36310299711372,36310301521308,13875,390422,36310301521308,36310300218289,36310322430895,36310299711372,
0,1594523,36310303685241,36310303685241,-51409025,36310304058499,36310304559435,36310304560127,36310304594673,36310320285241,36310304055854,8334865,16600000,36310303685241,-1,36310304627794,36310305237251,36310305325467,36310305972033,36310309027127,14160,355347,36310309027127,36310306424507,36310330803983,36310305972033,
0,1594538,36310312024928,36310312024928,-565787086,36310312612129,36310314182075,36310314186022,36310314290962,36310328624928,36310312602689,8334302,16600000,36310312024928,-1,36310314391751,36310315019274,36310315130968,36310315784207,36310317087145,17375,395101,36310317087145,36310316384020,36310339104276,36310315784207,
0,1594553,36310320352587,36310320352587,-883177382,36310320858589,36310322417793,36310322419258,36310322481473,36310336952587,36310320850573,8333720,16600000,36310320352587,-1,36310322547269,36310323070869,36310323151151,36310323746243,36310325312283,13102,446778,36310325312283,36310324330919,36310347421577,36310323746243,
0,1594568,36310328677150,36310328677150,-202792062,36310329606432,36310331534777,36310331536527,36310331599678,36310345277150,36310329597765,8333299,16600000,36310328677150,-1,36310331645169,36310332053128,36310332090197,36310332866523,36310334251737,11393,585246,36310334251737,36310333871935,36310355778063,36310332866523,
0,1594583,36310337004986,36310337004986,-701522281,36310337524157,36310338811877,36310338814928,36310338901761,36310353604986,36310337519803,8333936,16600000,36310337004986,-1,36310338987821,36310339551216,36310339629422,36310340332588,36310342166450,12574,409750,36310342166450,36310340858874,36310364093086,36310340332588,
0,1594598,36310345348579,36310345348579,-715556019,36310346059272,36310347894193,36310347897895,36310348000679,36310361948579,36310346049914,8334707,16600000,36310345348579,-1,36310348147570,36310348824490,36310348923856,36310349710721,36310350692288,16927,341879,36310350692288,36310350167834,36310372434801,36310349710721,
0,1594620,36310353680157,36310353680157,-475363265,36310354626126,36310356333849,36310356335029,36310356387723,36310370280157,36310354620999,8333981,16600000,36310353680157,-1,36310356441922,36310357128812,36310357221748,36310358132840,36310359465604,18432,550292,36310359465604,36310358840644,36310380802884,36310358132840,
0,1594635,36310362014138,36310362014138,-834388035,36310362565417,36310364520495,36310364521064,36310364566881,36310378614138,36310362556261,8333649,16600000,36310362014138,-1,36310364603218,36310365073677,36310365136828,36310365653918,36310369062568,13021,340942,36310369062568,36310366114041,36310389113512,36310365653918,
0,1594650,36310370344281,36310370344281,-536048153,36310371163561,36310372913846,36310372917427,36310373025500,36310386944281,36310371154447,8333508,16600000,36310370344281,-1,36310373125068,36310373573229,36310373624539,36310374006660,36310377901720,7080,399536,36310377901720,36310374543932,36310397451688,36310374006660,
0,1594665,36310378674778,36310378674778,-817412543,36310379386258,36310381861234,36310381864163,36310381966173,36310395274778,36310379377550,8332995,16600000,36310378674778,-1,36310382065254,36310382596626,36310382631416,36310382955309,36310383965522,7609,178914,36310383965522,36310383192207,36310405792996,36310382955309,
0,1594680,36310387001787,36310387001787,-87086464,36310388407458,36310390711535,36310390715034,36310390852119,36310403601787,36310388397448,8333188,16600000,36310387001787,-1,36310390984443,36310391664009,36310391756904,36310392872342,36310393479601,17090,510336,36310393370389,36310393479601,36310414127754,36310392872342,
0,1594695,36310395340119,36310395340119,-486958609,36310396349759,36310398522448,36310398529162,36310398624214,36310411940119,36310396341540,8333971,16600000,36310395340119,-1,36310398691149,36310399180895,36310399233304,36310399679023,36310400862902,13753,361166,36310400862902,36310400108263,36310422463244,36310399679023,
0,1594710,36310403682766,36310403682766,-693210205,36310404407336,36310406465726,36310406468533,36310406605578,36310420282766,36310404274645,8334172,16600000,36310403682766,-1,36310406645739,36310407367825,36310407430081,36310408355212,36310409284167,16317,295288,36310409284167,36310408823962,36310430813586,36310408355212,
0,1594725,36310412019473,36310412019473,-865254850,36310412716947,36310414349881,36310414353421,36310414447456,36310428619473,36310412708768,8334143,16600000,36310412019473,-1,36310414542874,36310414900662,36310414956001,36310415228258,36310416570055,6551,191976,36310416570055,36310415468004,36310439129504,36310415228258,
0,1594740,36310420354289,36310420354289,-862884977,36310420927843,36310422737536,36310422741727,36310422862739,36310436954289,36310420918729,8333702,16600000,36310420354289,-1,36310422976061,36310423202135,36310423231351,36310423447944,36310425085477,5412,113404,36310425085477,36310423589180,36310447475532,36310423447944,
0,1594755,36310428684389,36310428684389,-366558408,36310429325548,36310431485705,36310431489448,36310431613512,36310445284389,36310429315661,8333709,16600000,36310428684389,-1,36310431727038,36310432408027,36310432508613,36310433417427,36310434042264,21403,494669,36310434032539,36310434042264,36310455821154,36310433417427,
0,1594770,36310437019474,36310437019474,-296766294,36310437628934,36310439244779,36310439247586,36310439347887,36310453619474,36310437619941,8334052,16600000,36310437019474,-1,36310439386136,36310440075101,36310440195299,36310441042386,36310441799710,20508,434489,36310441799710,36310441619941,36310464137886,36310441042386,
0,1594785,36310445359827,36310445359827,-262272897,36310446009508,36310448128283,36310448131823,36310448260322,36310461959827,36310446002062,8334808,16600000,36310445359827,-1,36310448300850,36310448945340,36310449034777,36310449980944,36310451897529,21037,521972,36310451897529,36310450637194,36310472472765,36310449980944,
0,1594800,36310453703006,36310453703006,-533085964,36310454291898,36310456150907,36310456154813,36310456275744,36310470303006,36310454282010,8335265,16600000,36310453703006,-1,36310456401517,36310456866198,36310456914782,36310457301826,36310458071357,9318,241821,36310458071357,36310457608589,36310480815254,36310457301826,
0,1594830,36310470385558,36310470385558,-592126226,36310470925036,36310472538276,36310472539131,36310472589464,36310486985558,36310470916776,8335932,16600000,36310470385558,-1,36310472642402,36310472896756,36310472934598,36310473242215,36310475999417,9847,161743,36310475999417,36310473447822,36310497488390,36310473242215,
0,1594845,36310478723839,36310478723839,-302294579,36310479317126,36310481233833,36310481237454,36310481350573,36310495323839,36310479307482,8336080,16600000,36310478723839,-1,36310481463691,36310481717435,36310481744372,36310481983833,36310484256497,7690,151530,36310484256497,36310482177030,36310505848579,36310481983833,
0,1594860,36310487060750,36310487060750,-21332391,36310487553088,36310489890042,36310489890815,36310489941475,36310503660750,36310487543688,8336080,16600000,36310487060750,-1,36310489979642,36310490460395,36310490554919,36310491391589,36310493027249,12573,430379,36310493027249,36310491939644,36310514169258,36310491391589,
0,1594875,36310495396830,36310495396830,-995449714,36310496134712,36310498025133,36310498026029,36310498071032,36310511996830,36310496125394,8335870,16600000,36310495396830,-1,36310498100410,36310498806343,36310498996569,36310499716743,36310500775133,20304,465535,36310500775133,36310500315498,36310522476997,36310499716743,
0,1594890,36310503730207,36310503730207,-759078741,36310504512479,36310507044583,36310507045234,36310507081408,36310520330207,36310504499987,8335856,16600000,36310503730207,-1,36310507115262,36310507962674,36310508076769,36310508929145,36310509840441,16886,391683,36310509840441,36310509464464,36310530825142,36310508929145,
0,1594905,36310512066072,36310512066072,-788661608,36310512477974,36310513183133,36310513184679,36310513227485,36310528666072,36310512474840,8336757,16600000,36310512066072,-1,36310513263171,36310513795519,36310513861966,36310514505887,36310515760770,13631,381226,36310515760770,36310514996935,36310539127184,36310514505887,
0,1594920,36310520415384,36310520415384,-452987419,36310521093615,36310522724759,36310522728787,36310522841255,36310537015384,36310521084215,8336886,16600000,36310520415384,-1,36310522950589,36310523300565,36310523340726,36310523728218,36310525045926,11434,228394,36310525045926,36310524071195,36310547513130,36310523728218,
0,1594935,36310528753776,36310528753776,-246804185,36310529423327,36310530991117,36310530994290,36310531094062,36310545353776,36310529412910,8336328,16600000,36310528753776,-1,36310531191149,36310531679308,36310531726875,36310532240913,36310533187161,12085,272380,36310533187161,36310532585965,36310555827013,36310532240913,
0,1594950,36310537081165,36310537081165,-794195721,36310537611315,36310539632677,36310539636055,36310539725614,36310553681165,36310537603014,8336254,16600000,36310537081165,-1,36310539812731,36310540123400,36310540160347,36310540410347,36310541362210,6917,147623,36310541362210,36310540599637,36310564152168,36310540410347,
0,1594965,36310545415574,36310545415574,-377937859,36310546484769,36310548814684,36310548818753,36310548951973,36310562015574,36310546472765,8335435,16600000,36310545415574,-1,36310549081937,36310549617988,36310549763252,36310550574287,36310552197171,21200,360637,36310552197171,36310551057360,36310572488187,36310550574287,
0,1594980,36310553738017,36310553738017,-813765205,36310554884264,36310556562935,36310556567166,36310556736966,36310570338017,36310554876045,8335413,16600000,36310553738017,-1,36310556850654,36310557814928,36310557909085,36310558746243,36310559496488,19816,453125,36310559496488,36310559348864,36310580822131,36310558746243,
0,1594995,36310562074828,36310562074828,-994064225,36310562932441,36310564667956,36310564671333,36310564767565,36310578674828,36310562923815,8335522,16600000,36310562074828,-1,36310564863797,36310565404243,36310565527249,36310566725003,36310567239611,14974,381876,36310566974922,36310567239611,36310589298083,36310566725003,
0,1595010,36310570410911,36310570410911,-482236306,36310571100532,36310572654813,36310572655952,36310572702542,36310587010911,36310571095609,8335171,16600000,36310570410911,-1,36310572748481,36310573428901,36310573508939,36310574605049,36310575214098,14445,492676,36310574961901,36310575214098,36310597560452,36310574605049,
0,1595025,36310578740785,36310578740785,-787857568,36310579469754,36310581406685,36310581410550,36310581511014,36310595340785,36310579460151,8334876,16600000,36310578740785,-1,36310581608223,36310582197415,36310582295519,36310582915881,36310583789253,14323,357991,36310583789253,36310583435859,36310605816963,36310582915881,
0,1595040,36310587071426,36310587071426,-111047063,36310587644396,36310590004137,36310590009305,36310590198880,36310603671426,36310587636258,8334656,16600000,36310587071426,-1,36310590377347,36310592219917,36310592408841,36310593697700,36310594483223,32959,623454,36310594402046,36310594483223,36310614164131,36310593697700,
0,1595055,36310595402850,36310595402850,-387935851,36310598090522,36310599814847,36310599817736,36310599904976,36310612002850,36310598081937,8336260,16600000,36310595402850,-1,36310599994738,36310601108630,36310601182197,36310601969714,36310606002998,17130,446696,36310606002998,36310602540352,36310622500679,36310601969714,
0,1595070,36310603768533,36310603768533,0,36310604644844,36310604909696,36310604912951,36310605010851,36310620368533,36310604635729,8336756,16600000,36310603768533,-1,36310605108223,36310605652941,36310605722765,36310606265368,36310607892687,10702,373169,36310607892687,36310606741239,36310630869860,36310606265368,
0,1595085,36310612113946,36310612113946,-68967294,36310612722358,36310614537463,36310614540352,36310614679390,36310628713946,36310612712430,8336382,16600000,36310612113946,-1,36310614713407,36310615023791,36310615056831,36310615355903,36310616372546,6998,150147,36310616372546,36310615545926,36310639138578,36310615355903,
0,1595100,36310620441742,36310620441742,-951496718,36310620983996,36310620995552,36310620996081,36310621022896,36310637041742,36310620980985,8335921,16600000,36310620441742,-1,36310621057686,36310621694608,36310621765897,36310622408556,36310625018013,16601,373372,36310625018013,36310622883532,36310647523384,36310622408556,
0,1595108,36310628769854,36310628769854,0,36310629532905,36310629535143,36310629537178,36310629618355,36310645369854,36310629526110,8335640,16600000,36310628769854,-1,36310629702420,36310630347806,36310630430773,36310631093005,36310633161364,17415,379598,36310633161364,36310631569119,36310655992866,36310631093005,
0,1595116,36310637100185,36310637100185,0,36310637682604,36310637684232,36310637685656,36310637742337,36310653700185,36310637677030,8335994,16600000,36310637100185,-1,36310637830757,36310638456001,36310638527249,36310639204129,36310640069974,16927,392171,36310640069974,36310639715482,36310664205635,36310639204129,
0,1595124,36310645441025,36310645441025,0,36310646036201,36310646038480,36310646041206,36310646129259,36310662041025,36310646027331,8335142,16600000,36310645441025,-1,36310646224678,36310646823717,36310646881172,36310647391100,36310648645861,14892,355876,36310648645861,36310647852526,36310672566719,36310647391100,
0,1595132,36310653761821,36310653761821,0,36310654511502,36310654513862,36310654515856,36310654585070,36310670361821,36310654503934,8334996,16600000,36310653761821,-1,36310654660876,36310655368924,36310655472725,36310656142606,36310657892362,15584,404419,36310657892362,36310656722643,36310680853014,36310656142606,
0,1595140,36310662095470,36310662095470,0,36310663028918,36310663031237,36310663033841,36310663286323,36310678695470,36310663020169,8336866,16600000,36310662095470,-1,36310663390449,36310664598538,36310664681587,36310665679146,36310666813138,18555,284383,36310666813138,36310666042793,36310689194608,36310665679146,
0,1595148,36310670464715,36310670464715,0,36310671481432,36310671483670,36310671485990,36310671562365,36310687064715,36310671474352,8336834,16600000,36310670464715,-1,36310671645983,36310672343371,36310672404121,36310672931912,36310674539212,15218,392457,36310674539212,36310673426948,36310697509102,36310672931912,
0,1595156,36310678800114,36310678800114,0,36310679579658,36310679581937,36310679584745,36310679666816,36310695400114,36310679571480,8337546,16600000,36310678800114,-1,36310679754788,36310680422594,36310680481310,36310681071683,36310681664131,14608,361532,36310681664131,36310681538480,36310706041125,36310681071683,
0,1595164,36310687146345,36310687146345,0,36310688390734,36310688393501,36310688396349,36310688504056,36310703746345,36310688381823,8337309,16600000,36310687146345,-1,36310688618151,36310689579007,36310689660428,36310690256294,36310691855496,20345,367147,36310691855496,36310690730212,36310714240628,36310690256294,
0,1595172,36310695477096,36310695477096,0,36310695997098,36310695999865,36310696061226,36310696162503,36310712077096,36310695987495,8336760,16600000,36310695477096,-1,36310696267850,36310696965400,36310697199450,36310697919380,36310698391548,18555,364624,36310698202054,36310698391548,36310722535550,36310697919380,
0,1595180,36310703805016,36310703805016,0,36310704840075,36310704843249,36310704846423,36310705160794,36310720405016,36310704830472,8336099,16600000,36310703805016,-1,36310705392728,36310706337593,36310706533516,36310707682604,36310709551663,32714,869303,36310709551663,36310708712837,36310730928372,36310707682604,
0,1595188,36310712129630,36310712129630,0,36310713913805,36310713916898,36310713920438,36310714050117,36310728729630,36310713901720,8337756,16600000,36310712129630,-1,36310714307604,36310715155260,36310715277412,36310716205269,36310716978340,19979,637125,36310716463936,36310716978340,36310739170031,36310716205269,
0,1595196,36310720499353,36310720499353,0,36310720828885,36310720829658,36310720830228,36310720863268,36310737099353,36310720826118,8337961,16600000,36310720499353,-1,36310720901720,36310721490995,36310721592638,36310722314847,36310723549141,17415,412109,36310723549141,36310722849067,36310747508288,36310722314847,
0,1595204,36310728838701,36310728838701,0,36310729340929,36310729341580,36310729342069,36310729364204,36310745438701,36310729338040,8337218,16600000,36310728838701,-1,36310729386218,36310729895210,36310729972074,36310730656725,36310731163195,12940,320434,36310731163195,36310731080635,36310755836657,36310730656725,
0,1595212,36310737163354,36310737163354,0,36310737781400,36310737784452,36310737788561,36310737878283,36310753763354,36310737771065,8337133,16600000,36310737163354,-1,36310737978014,36310738608141,36310738688545,36310739309435,36310739774279,16479,354125,36310739764920,36310739774279,36310764163846,36310739309435,
0,1595220,36310745500932,36310745500932,0,36310746034655,36310746037056,36310746039863,36310746115995,36310762100932,36310746026720,8335616,16600000,36310745500932,-1,36310746201403,36310746834175,36310746898831,36310747442451,36310747999743,13957,322388,36310747999743,36310747853177,36310772495674,36310747442451,
0,1595228,36310753813027,36310753813027,0,36310754327380,36310754330187,36310754333076,36310754404691,36310770413027,36310754319649,8334156,16600000,36310753813027,-1,36310754485786,36310755039741,36310755097725,36310755621691,36310756381416,14649,555379,36310756381416,36310756285672,36310780870511,36310755621691,
0,1595236,36310762126165,36310762126165,0,36310762714953,36310762718208,36310762721789,36310762814440,36310778726165,36310762704292,8334848,16600000,36310762126165,-1,36310762919665,36310763232165,36310763264107,36310763481514,36310766708931,6592,147176,36310766708931,36310763661690,36310789175077,36310763481514,
0,1595245,36310778788599,36310778788599,0,36310779659004,36310779664741,36310779668770,36310779845527,36310795388599,36310779644193,8333061,16600000,36310778788599,-1,36310780158312,36310781921333,36310782052274,36310784373197,36310785502428,36051,905761,36310785020129,36310785502428,36310805859769,36310784373197,
0,1595253,36310787101322,36310787101322,0,36310787695584,36310787697090,36310787698107,36310787739733,36310803701322,36310787692126,8332391,16600000,36310787101322,-1,36310787779081,36310788323514,36310788357897,36310788678250,36310789493802,7202,218425,36310789493802,36310788957100,36310814208280,36310788678250,
0,1595261,36310795426926,36310795426926,0,36310795963976,36310795965401,36310795966458,36310796070869,36310812026926,36310795959256,8332391,16600000,36310795426926,-1,36310796122871,36310796492175,36310796534411,36310796866768,36310799088976,8220,231486,36310799088976,36310797155545,36310822513496,36310796866768,
0,1595269,36310803759317,36310803759317,0,36310804271227,36310804272692,36310804273791,36310804321724,36310820359317,36310804267158,8331301,16600000,36310803759317,-1,36310804399564,36310805056506,36310805244982,36310805979968,36310806407783,18961,200114,36310806407783,36310806238797,36310830847725,36310805979968,
0,1595277,36310812076142,36310812076142,0,36310812637845,36310812640002,36310812641996,36310812704089,36310828676142,36310812631131,8331070,16600000,36310812076142,-1,36310812747342,36310813065580,36310813099515,36310813395943,36310814933296,8830,191366,36310814933296,36310813637560,36310839302599,36310813395943,
0,1595285,36310820405503,36310820405503,0,36310821204821,36310821207100,36310821209419,36310821282295,36310837005503,36310821197822,8330110,16600000,36310820405503,-1,36310821363431,36310821974474,36310822012886,36310822415230,36310825276965,9725,213094,36310825276965,36310822687853,36310847517647,36310822415230,
0,1595293,36310828727650,36310828727650,0,36310829325182,36310829329089,36310829331734,36310829372302,36310845327650,36310829317899,8329437,16600000,36310828727650,-1,36310829412503,36310829795926,36310829832059,36310830137845,36310830787381,8301,207560,36310830787381,36310830401354,36310855880277,36310830137845,
0,1595301,36310837050320,36310837050320,0,36310837555692,36310837556750,36310837558215,36310837595609,36310853650320,36310837553169,8330797,16600000,36310837050320,-1,36310837630806,36310837962308,36310837992215,36310838280749,36310840598620,8300,194091,36310840598620,36310838536568,36310864209500,36310838280749,
0,1595309,36310845397400,36310845397400,0,36310845944364,36310845945381,36310845946276,36310845978991,36310861997400,36310845940580,8332251,16600000,36310845397400,-1,36310846013822,36310846487536,36310846541491,36310847097359,36310848559273,14404,209595,36310848559273,36310847376493,36310872525622,36310847097359,
0,1595324,36310853757881,36310853757881,0,36310854200467,36310854201647,36310854202624,36310854243965,36310870357881,36310854196846,8332315,16600000,36310853757881,-1,36310854290189,36310854883247,36310854929634,36310855396065,36310857527941,8830,641194,36310857527941,36310856113919,36310880870348,36310855396065,
0,1595332,36310862089787,36310862089787,0,36310863471585,36310863472318,36310863472847,36310863504911,36310878689787,36310863468819,8332167,16600000,36310862089787,-1,36310863538317,36310863955187,36310863982572,36310864284614,36310865152046,8056,186890,36310865152046,36310864520291,36310889171089,36310864284614,
0,1595340,36310870422294,36310870422294,0,36310870978625,36310870979927,36310870981229,36310871041410,36310887022294,36310870974027,8332041,16600000,36310870422294,-1,36310871099190,36310871505724,36310871547269,36310871842435,36310872728910,7406,232137,36310872728910,36310872122749,36310897524116,36310871842435,
0,1595348,36310878754527,36310878754527,0,36310879208402,36310879209500,36310879210803,36310879249011,36310895354527,36310879204902,8331399,16600000,36310878754527,-1,36310879284533,36310879548856,36310879576688,36310879782254,36310882793444,4476,126750,36310882793444,36310879946439,36310905865791,36310879782254,
0,1595356,36310887079088,36310887079088,0,36310887559802,36310887560860,36310887562080,36310887596463,36310903679088,36310887556221,8333719,16600000,36310887079088,-1,36310887632637,36310887845324,36310887878405,36310888109199,36310889578926,4923,126017,36310889578926,36310888272977,36310914199084,36310888109199,
0,1595364,36310895438779,36310895438779,0,36310895896065,36310895897204,36310895898547,36310895931546,36310912038779,36310895892891,8333938,16600000,36310895438779,-1,36310895964465,36310896285062,36310896319323,36310896528470,36310897669950,5900,133016,36310897669950,36310896700793,36310922555733,36310896528470,
0,1595372,36310903771891,36310903771891,0,36310904271838,36310904273018,36310904274279,36310904306913,36310920371891,36310904268542,8333958,16600000,36310903771891,-1,36310904338447,36310904668444,36310904699938,36310904887438,36310908160917,5208,122233,36310908160917,36310905045926,36310930856595,36310904887438,
0,1595380,36310912104921,36310912104921,0,36310912501615,36310912502713,36310912503731,36310912529976,36310928704921,36310912498726,8334977,16600000,36310912104921,-1,36310912556262,36310912787219,36310912815702,36310913001045,36310915350125,6388,125895,36310915350125,36310913163154,36310939205676,36310913001045,
0,1595388,36310920450226,36310920450226,0,36310920871528,36310920872668,36310920873889,36310920903999,36310937050226,36310920868558,8334745,16600000,36310920450226,-1,36310920935819,36310921151761,36310921184557,36310921402494,36310922282417,5330,125855,36310922282417,36310921567329,36310947552722,36310921402494,
0,1595396,36310928781495,36310928781495,0,36310929195951,36310929197009,36310929198107,36310929227079,36310945381495,36310929192980,8334849,16600000,36310928781495,-1,36310929256131,36310929478706,36310929509224,36310929774727,36310930998115,4191,124349,36310930998115,36310929934313,36310955854886,36310929774727,
0,1595404,36310937118665,36310937118665,0,36310937590889,36310937591987,36310937592964,36310937620918,36310953718665,36310937588041,8334382,16600000,36310937118665,-1,36310937650866,36310937954943,36310937989774,36310938230904,36310941435046,7121,150798,36310941435046,36310938422106,36310964227201,36310938230904,
0,1595412,36310945446054,36310945446054,0,36310945854886,36310945855944,36310945857002,36310945886096,36310962046054,36310945851834,8333986,16600000,36310945446054,-1,36310945917671,36310946142484,36310946176135,36310946385567,36310948483060,7039,132975,36310948483060,36310946556628,36310972527250,36310946385567,
0,1595420,36310953775625,36310953775625,0,36310954198229,36310954199491,36310954200711,36310954230252,36310970375625,36310954194608,8333673,16600000,36310953775625,-1,36310954261787,36310954541654,36310954571236,36310954768298,36310955757556,6144,133504,36310955757556,36310954938749,36310980848701,36310954768298,
0,1595428,36310962107208,36310962107208,0,36310962528145,36310962529325,36310962530505,36310962561104,36310978707208,36310962524808,8333512,16600000,36310962107208,-1,36310962589831,36310962851143,36310962887031,36310963100695,36310966157743,5941,130168,36310966157743,36310963267240,36310989210477,36310963100695,
0,1595436,36310970437401,36310970437401,0,36310971074002,36310971076607,36310971079496,36310971172066,36310987037401,36310971065010,8333429,16600000,36310970437401,-1,36310971265002,36310971545519,36310971572782,36310971902046,36310972689033,5900,185710,36310972689033,36310972129382,36310997536486,36310971902046,
0,1595444,36310978772128,36310978772128,0,36310979454740,36310979457222,36310979459785,36310979544177,36310995372128,36310979445747,8333111,16600000,36310978772128,-1,36310979631864,36310980409614,36310980502958,36310981037422,36310981758980,14241,304688,36310981758980,36310981449043,36311005866890,36310981037422,
0,1595452,36310987100891,36310987100891,0,36310988403307,36310988405993,36310988409045,36310988507962,36311003700891,36310988392850,8332861,16600000,36310987100891,-1,36310988632962,36310989198514,36310989278226,36310990126086,36310993033882,14811,348959,36310993033882,36310990575060,36311014210884,36310990126086,
0,1595460,36310995429287,36310995429287,0,36310996236071,36310996238391,36310996241157,36310996333198,36311012029287,36310996227363,8332613,16600000,36310995429287,-1,36310996424710,36310997077827,36310997193143,36310997785266,36310999770536,19328,345581,36310999770536,36310998229235,36311022539497,36310997785266,
0,1595468,36311003760540,36311003760540,0,36311004374540,36311004376737,36311004378975,36311004455147,36311020360540,36311004367134,8332229,16600000,36311003760540,-1,36311004533679,36311005219836,36311005314481,36311005934639,36311011157051,16072,360311,36311011157051,36311006398669,36311030871325,36311005934639,
0,1595476,36311012089411,36311012089411,0,36311012693143,36311012695788,36311012698677,36311012784574,36311028689411,36311012683906,8333689,16600000,36311012089411,-1,36311012879585,36311013493395,36311013686226,36311014297920,36311016966418,19003,380453,36311016966418,36311014789863,36311039187040,36311014297920,
0,1595484,36311020438795,36311020438795,0,36311021000435,36311021002795,36311021004789,36311021067980,36311037038795,36311020995308,8333588,16600000,36311020438795,-1,36311021130643,36311021762438,36311021852689,36311022424344,36311025204333,13712,316813,36311025204333,36311022837064,36311047566963,36311022424344,
0,1595492,36311028771992,36311028771992,0,36311029276192,36311029279040,36311029281644,36311029341743,36311045371992,36311029271756,8333842,16600000,36311028771992,-1,36311029401192,36311029976224,36311030069201,36311030731677,36311035830757,13143,341227,36311035830757,36311031164457,36311055868395,36311030731677,
0,1595500,36311037108636,36311037108636,0,36311037778959,36311037781278,36311037783923,36311037876574,36311053708636,36311037769396,8334020,16600000,36311037108636,-1,36311037976916,36311038709501,36311038886299,36311039438545,36311041298978,15014,361450,36311041298978,36311039908719,36311064199898,36311039438545,
0,1595508,36311045444308,36311045444308,0,36311046206978,36311046209338,36311046212064,36311046398669,36311062044308,36311046198392,8333683,16600000,36311045444308,-1,36311046497993,36311047901070,36311048121325,36311048716662,36311050407865,21240,390259,36311050407865,36311049224271,36310039059028,36311048716662,
0,1595516,36311053772493,36311053772493,0,36311054297961,36311054298490,36311054298978,36311054325345,36311070372493,36311054295886,8334199,16600000,36311053772493,-1,36311054357816,36311055131335,36311055371447,36311056447416,36311057110502,16358,565105,36311056908231,36311057110502,36310055710477,36311056447416,
0,1595524,36311062114806,36311062114806,0,36311062783394,36311062786730,36311062790026,36311062885038,36311078714806,36311062773791,8333699,16600000,36311062114806,-1,36311062990628,36311063853381,36311063979805,36311064903877,36311065547879,75032,557657,36311065345772,36311065547879,36310064193834,36311064903877,
0,1595532,36311070442421,36311070442421,0,36311071128080,36311071131294,36311071134265,36311071236804,36311087042421,36311071117663,8333438,16600000,36311070442421,-1,36311071339953,36311072574898,36311072675687,36311073228828,36311076396187,15869,399780,36311076396187,36311073968656,36310072404365,36311073228828,
0,1595540,36311078772425,36311078772425,0,36311079419339,36311079423327,36311079427355,36311079544177,36311095372425,36311079408434,8333474,16600000,36311078772425,-1,36311079656807,36311079832873,36311079911975,36311080971301,36311081528714,16602,404948,36311081528714,36311081467476,36310080707181,36311080971301,
0,1595548,36311087106944,36311087106944,0,36311087864815,36311087867622,36311087870878,36311087966377,36311103706944,36311087853747,8333148,16600000,36311087106944,-1,36311088138049,36311088878853,36311089030017,36311089819445,36311090428129,15625,503580,36311090367256,36311090428129,36310089107897,36311089819445,
---PROFILEDATA---


View hierarchy:

  org.ultimatemaps.spike.maplibre/org.ultimatemaps.spike.MainActivity/android.view.ViewRootImpl@5304d77
  10 views, 17,26 kB of render nodes


Total ViewRootImpl   : 1
Total attached Views : 10
Total RenderNode     : 17,26 kB (used) / 52,80 kB (capacity)

