Applications Graphics Acceleration Info:
Uptime: 36295518 Realtime: 36295518

** Graphics info for pid 10823 [org.ultimatemaps.spike.maplibre] **

Stats since: 36287833193335ns
Total frames rendered: 678
Janky frames: 0 (0.00%)
Janky frames (legacy): 0 (0.00%)
50th percentile: 5ms
90th percentile: 6ms
95th percentile: 7ms
99th percentile: 9ms
Number Missed Vsync: 0
Number High input latency: 31
Number Slow UI thread: 0
Number Slow bitmap uploads: 0
Number Slow issue draw commands: 0
Number Frame deadline missed: 0
Number Frame deadline missed (legacy): 0
HISTOGRAM: 5ms=598 6ms=45 7ms=22 8ms=1 9ms=7 10ms=3 11ms=0 12ms=1 13ms=1 14ms=0 15ms=0 16ms=0 17ms=0 18ms=0 19ms=0 20ms=0 21ms=0 22ms=0 23ms=0 24ms=0 25ms=0 26ms=0 27ms=0 28ms=0 29ms=0 30ms=0 31ms=0 32ms=0 34ms=0 36ms=0 38ms=0 40ms=0 42ms=0 44ms=0 46ms=0 48ms=0 53ms=0 57ms=0 61ms=0 65ms=0 69ms=0 73ms=0 77ms=0 81ms=0 85ms=0 89ms=0 93ms=0 97ms=0 101ms=0 105ms=0 109ms=0 113ms=0 117ms=0 121ms=0 125ms=0 129ms=0 133ms=0 150ms=0 200ms=0 250ms=0 300ms=0 350ms=0 400ms=0 450ms=0 500ms=0 550ms=0 600ms=0 650ms=0 700ms=0 750ms=0 800ms=0 850ms=0 900ms=0 950ms=0 1000ms=0 1050ms=0 1100ms=0 1150ms=0 1200ms=0 1250ms=0 1300ms=0 1350ms=0 1400ms=0 1450ms=0 1500ms=0 1550ms=0 1600ms=0 1650ms=0 1700ms=0 1750ms=0 1800ms=0 1850ms=0 1900ms=0 1950ms=0 2000ms=0 2050ms=0 2100ms=0 2150ms=0 2200ms=0 2250ms=0 2300ms=0 2350ms=0 2400ms=0 2450ms=0 2500ms=0 2550ms=0 2600ms=0 2650ms=0 2700ms=0 2750ms=0 2800ms=0 2850ms=0 2900ms=0 2950ms=0 3000ms=0 3050ms=0 3100ms=0 3150ms=0 3200ms=0 3250ms=0 3300ms=0 3350ms=0 3400ms=0 3450ms=0 3500ms=0 3550ms=0 3600ms=0 3650ms=0 3700ms=0 3750ms=0 3800ms=0 3850ms=0 3900ms=0 3950ms=0 4000ms=0 4050ms=0 4100ms=0 4150ms=0 4200ms=0 4250ms=0 4300ms=0 4350ms=0 4400ms=0 4450ms=0 4500ms=0 4550ms=0 4600ms=0 4650ms=0 4700ms=0 4750ms=0 4800ms=0 4850ms=0 4900ms=0 4950ms=0
50th gpu percentile: 2ms
90th gpu percentile: 4ms
95th gpu percentile: 5ms
99th gpu percentile: 9ms
GPU HISTOGRAM: 1ms=244 2ms=231 3ms=99 4ms=70 5ms=18 6ms=3 7ms=4 8ms=2 9ms=5 10ms=1 11ms=0 12ms=1 13ms=0 14ms=0 15ms=0 16ms=0 17ms=0 18ms=0 19ms=0 20ms=0 21ms=0 22ms=0 23ms=0 24ms=0 25ms=0 4950ms=0

Pipeline=Skia (Vulkan)
Memory policy:
  Max surface area: 2592000
  Max resource usage: 124.42MB (x48)
  Background retention: 50% (altUiHidden = true)
  GPU Context timeout: 10
Contexts: 1 (stopped = 0)
CPU Caches:
  Glyph Cache: 0.00 bytes (1 entry)
  Glyph Count: 0 
Total CPU memory usage:
  0 bytes, 0.00 bytes (0.00 bytes is purgeable)
GPU Caches:
  Other:
    Other: 0.00 bytes (1 entry)
  Image:
    Surface: 65.96 KB (2 entries)
  Scratch:
    Buffer Object: 64.00 KB (2 entries)
    Surface: 98.88 MB (22 entries)
Layer Info:
    VkLayer size 1080x2400
  Layers Total         10125.00 KB (numLayers = 1)
Total GPU memory usage:
  103813072 bytes, 99.00 MB (32.00 KB is purgeable)
Pipeline Cache: inactiveTextureView: 1080x2400

GraphicBufferAllocator buffers:
            Handle |         Size |     W (Stride) x H | Layers |   Format |      Usage | Requestor
0xb400007b0bdd8370 | 10200.00 KiB | 1080 (1088) x 2400 |      1 |        1 | 0x     b00 | VRI[MainActivity]#0(BLAST Consumer)0
0xb400007b0be7c2f0 | 10200.00 KiB | 1080 (1088) x 2400 |      1 |        1 | 0x     300 | SurfaceTexture-0-10823-0
0xb400007b0be7e130 | 10200.00 KiB | 1080 (1088) x 2400 |      1 |        1 | 0x     300 | SurfaceTexture-0-10823-0
0xb400007b0be7ed90 | 10200.00 KiB | 1080 (1088) x 2400 |      1 |        1 | 0x     300 | SurfaceTexture-0-10823-0
0xb400007b0be7f310 | 10200.00 KiB | 1080 (1088) x 2400 |      1 |        1 | 0x     b00 | VRI[MainActivity]#0(BLAST Consumer)0
0xb400007b0be7fe10 | 10200.00 KiB | 1080 (1088) x 2400 |      1 |        1 | 0x     300 | SurfaceTexture-0-10823-0
0xb400007b0be83a90 | 10200.00 KiB | 1080 (1088) x 2400 |      1 |        1 | 0x     300 | SurfaceTexture-0-10823-0
0xb400007b0be83bf0 | 10200.00 KiB | 1080 (1088) x 2400 |      1 |        1 | 0x     b00 | VRI[MainActivity]#0(BLAST Consumer)0
0xb400007b0be85e50 | 10200.00 KiB | 1080 (1088) x 2400 |      1 |        1 | 0x     b00 | VRI[MainActivity]#0(BLAST Consumer)0
0xb400007b0be86530 | 10200.00 KiB | 1080 (1088) x 2400 |      1 |        1 | 0x     b00 | VRI[MainActivity]#0(BLAST Consumer)0
Total allocated by GraphicBufferAllocator (estimate): 102000.00 KB
Imported gralloc buffers:
Total imported by gralloc: 0KiB

Profile data in ms:

	org.ultimatemaps.spike.maplibre/org.ultimatemaps.spike.MainActivity/android.view.ViewRootImpl@e356de4 (visibility=0)
Window: org.ultimatemaps.spike.maplibre/org.ultimatemaps.spike.MainActivity
Stats since: 36287833192888ns
Total frames rendered: 678
Janky frames: 0 (0.00%)
Janky frames (legacy): 0 (0.00%)
50th percentile: 5ms
90th percentile: 6ms
95th percentile: 7ms
99th percentile: 9ms
Number Missed Vsync: 0
Number High input latency: 31
Number Slow UI thread: 0
Number Slow bitmap uploads: 0
Number Slow issue draw commands: 0
Number Frame deadline missed: 0
Number Frame deadline missed (legacy): 0
HISTOGRAM: 5ms=598 6ms=45 7ms=22 8ms=1 9ms=7 10ms=3 11ms=0 12ms=1 13ms=1 14ms=0 15ms=0 16ms=0 17ms=0 18ms=0 19ms=0 20ms=0 21ms=0 22ms=0 23ms=0 24ms=0 25ms=0 26ms=0 27ms=0 28ms=0 29ms=0 30ms=0 31ms=0 32ms=0 34ms=0 36ms=0 38ms=0 40ms=0 42ms=0 44ms=0 46ms=0 48ms=0 53ms=0 57ms=0 61ms=0 65ms=0 69ms=0 73ms=0 77ms=0 81ms=0 85ms=0 89ms=0 93ms=0 97ms=0 101ms=0 105ms=0 109ms=0 113ms=0 117ms=0 121ms=0 125ms=0 129ms=0 133ms=0 150ms=0 200ms=0 250ms=0 300ms=0 350ms=0 400ms=0 450ms=0 500ms=0 550ms=0 600ms=0 650ms=0 700ms=0 750ms=0 800ms=0 850ms=0 900ms=0 950ms=0 1000ms=0 1050ms=0 1100ms=0 1150ms=0 1200ms=0 1250ms=0 1300ms=0 1350ms=0 1400ms=0 1450ms=0 1500ms=0 1550ms=0 1600ms=0 1650ms=0 1700ms=0 1750ms=0 1800ms=0 1850ms=0 1900ms=0 1950ms=0 2000ms=0 2050ms=0 2100ms=0 2150ms=0 2200ms=0 2250ms=0 2300ms=0 2350ms=0 2400ms=0 2450ms=0 2500ms=0 2550ms=0 2600ms=0 2650ms=0 2700ms=0 2750ms=0 2800ms=0 2850ms=0 2900ms=0 2950ms=0 3000ms=0 3050ms=0 3100ms=0 3150ms=0 3200ms=0 3250ms=0 3300ms=0 3350ms=0 3400ms=0 3450ms=0 3500ms=0 3550ms=0 3600ms=0 3650ms=0 3700ms=0 3750ms=0 3800ms=0 3850ms=0 3900ms=0 3950ms=0 4000ms=0 4050ms=0 4100ms=0 4150ms=0 4200ms=0 4250ms=0 4300ms=0 4350ms=0 4400ms=0 4450ms=0 4500ms=0 4550ms=0 4600ms=0 4650ms=0 4700ms=0 4750ms=0 4800ms=0 4850ms=0 4900ms=0 4950ms=0
50th gpu percentile: 2ms
90th gpu percentile: 4ms
95th gpu percentile: 5ms
99th gpu percentile: 9ms
GPU HISTOGRAM: 1ms=244 2ms=231 3ms=99 4ms=70 5ms=18 6ms=3 7ms=4 8ms=2 9ms=5 10ms=1 11ms=0 12ms=1 13ms=0 14ms=0 15ms=0 16ms=0 17ms=0 18ms=0 19ms=0 20ms=0 21ms=0 22ms=0 23ms=0 24ms=0 25ms=0 4950ms=0



---PROFILEDATA---
Flags,FrameTimelineVsyncId,IntendedVsync,Vsync,InputEventId,HandleInputStart,AnimationStart,PerformTraversalsStart,DrawStart,FrameDeadline,FrameStartTime,FrameInterval,WorkloadTarget,AnimationTime,AnimationCounter,SyncQueued,SyncStart,IssueDrawCommandsStart,SwapBuffers,FrameCompleted,DequeueBufferDuration,QueueBufferDuration,GpuCompleted,SwapBuffersCompleted,DisplayPresentTime,CommandSubmissionCompleted,
0,1579594,36293716104165,36293716104165,-446608904,36293716810119,36293718284891,36293718288350,36293718386169,36293732704165,36293716802469,8332530,16600000,36293716104165,-1,36293718481180,36293718817077,36293718870991,36293719198994,36293722035745,10661,219482,36293722035745,36293719478210,36293743204731,36293719198994,
0,1579609,36293724423628,36293724423628,-48541289,36293725097920,36293726349954,36293726351907,36293726420104,36293741023628,36293725091206,8332150,16600000,36293724423628,-1,36293726480488,36293726908670,36293726971252,36293727458271,36293728506571,10376,381469,36293728506571,36293727944233,36293751527119,36293727458271,
0,1579624,36293732749822,36293732749822,-424264889,36293733503112,36293735248717,36293735252135,36293735361551,36293749349822,36293733495421,8331571,16600000,36293732749822,-1,36293735473774,36293736165425,36293736263122,36293736891947,36293737601826,13916,404215,36293737601826,36293737407897,36293759865498,36293736891947,
0,1579661,36293749409773,36293749409773,-843152145,36293750328470,36293752454080,36293752459655,36293752752502,36293766009773,36293750316019,8331335,16600000,36293749409773,-1,36293752924865,36293753659850,36293753787129,36293754686299,36293755394958,25309,543783,36293755383564,36293755394958,36293776549987,36293754686299,
0,1579676,36293757739652,36293757739652,-650051899,36293758410135,36293759489440,36293759491393,36293759549987,36293774339652,36293758404683,8331052,16600000,36293757739652,-1,36293759607441,36293760415994,36293760503560,36293761509826,36293762271626,14485,641520,36293761999816,36293762271626,36293784883117,36293761509826,
0,1579691,36293766068878,36293766068878,-592510116,36293766598571,36293768751810,36293768752664,36293768801655,36293782668878,36293766590107,8331052,16600000,36293766068878,-1,36293768886250,36293769496032,36293769649189,36293771345845,36293771833271,21647,384643,36293771345845,36293771833271,36293793215962,36293771345845,
0,1579706,36293774399930,36293774399930,-73491492,36293775115864,36293776782043,36293776782978,36293776829447,36293790999930,36293775106668,8330591,16600000,36293774399930,-1,36293776868143,36293777736754,36293777918843,36293778764790,36293779504088,16601,524129,36293779504088,36293779412902,36293801618224,36293778764790,
0,1579721,36293782727088,36293782727088,-509303840,36293784539123,36293786730000,36293786733499,36293786852721,36293799327088,36293784530578,8330464,16600000,36293782727088,-1,36293787119893,36293787708231,36293787785420,36293788608174,36293789459329,18311,320516,36293789459329,36293789034199,36293809920959,36293788608174,
0,1579751,36293799407531,36293799407531,-336903440,36293800047057,36293802079528,36293802080220,36293802148416,36293816007531,36293799991556,8332216,16600000,36293799407531,-1,36293802206278,36293802549946,36293802608418,36293803178486,36293806871642,15218,371745,36293806871642,36293803665262,36293826589741,36293803178486,
0,1579781,36293816103912,36293816103912,-905397126,36293817205260,36293819109354,36293819113464,36293819272969,36293832703912,36293817195088,8333154,16600000,36293816103912,-1,36293819435973,36293819739155,36293819775532,36293820167256,36293820942850,8707,192952,36293820942850,36293820479715,36293843232482,36293820167256,
0,1579796,36293824437066,36293824437066,-859963311,36293825467467,36293827305765,36293827308979,36293827400492,36293841037066,36293825458149,8334597,16600000,36293824437066,-1,36293827503722,36293828206522,36293828279642,36293828955586,36293830748148,14567,375081,36293830748148,36293829435648,36293851566548,36293828955586,
0,1579811,36293832793817,36293832793817,-837723939,36293833378071,36293835146463,36293835150369,36293835256896,36293849393817,36293833369526,8334597,16600000,36293832793817,-1,36293835366271,36293835753641,36293835791198,36293836123107,36293837175312,6877,148682,36293837175312,36293836315734,36293859904927,36293836123107,
0,1579826,36293841128414,36293841128414,-191472048,36293841654276,36293842250711,36293842251240,36293842284525,36293857728414,36293841650247,8337225,16600000,36293841128414,-1,36293842316629,36293842514587,36293842538594,36293842752339,36293845418232,4801,125204,36293845418232,36293842908467,36293868242573,36293842752339,
0,1579841,36293849507687,36293849507687,-670113416,36293850181172,36293851827697,36293851831278,36293851921650,36293866107687,36293850172993,8337114,16600000,36293849507687,-1,36293852102559,36293852580789,36293852610819,36293852829976,36293853912821,7080,141317,36293853912821,36293853012756,36293876563008,36293852829976,
0,1579856,36293857842522,36293857842522,-1016792266,36293858188374,36293858611429,36293858612690,36293858643249,36293874442522,36293858185607,8336821,16600000,36293857842522,-1,36293858673888,36293859246683,36293859332702,36293860262918,36293861247822,167888,785360,36293861202412,36293861247822,36293884918721,36293860262918,
0,1579871,36293866167888,36293866167888,-515781048,36293866757181,36293868989033,36293868992573,36293869093810,36293882767888,36293866748921,8336825,16600000,36293866167888,-1,36293869197204,36293869539570,36293869565205,36293869848083,36293870612690,9644,179077,36293870612690,36293870084248,36293893226419,36293869848083,
0,1579886,36293874503234,36293874503234,-940673504,36293875110127,36293877444559,36293877445332,36293877487650,36293891103234,36293875101745,8337140,16600000,36293874503234,-1,36293877537861,36293877812479,36293877841613,36293878135802,36293880091979,7284,178914,36293880091979,36293878368224,36293901577371,36293878135802,
0,1579901,36293882842650,36293882842650,-120061012,36293883941955,36293886508483,36293886509419,36293886564635,36293899442650,36293883925312,8336821,16600000,36293882842650,-1,36293886615417,36293887339456,36293887443379,36293888623840,36293889343118,20833,615112,36293889245137,36293889343118,36293909890889,36293888623840,
0,1579916,36293891172785,36293891172785,-363959505,36293893480529,36293895553730,36293895557677,36293895668273,36293907772785,36293893470723,8336833,16600000,36293891172785,-1,36293895780212,36293896407653,36293896633605,36293897369364,36293898803283,20915,554729,36293898803283,36293898023986,36293918255553,36293897369364,
0,1579931,36293899509091,36293899509091,0,36293900332783,36293900487975,36293900489359,36293900530781,36293916109091,36293900329284,8336261,16600000,36293899509091,-1,36293900566995,36293901125711,36293901284321,36293902027241,36293904430765,16072,411295,36293904430765,36293902559346,36293926561258,36293902027241,
0,1579946,36293907835642,36293907835642,-890666336,36293908253112,36293908693908,36293908694640,36293908722716,36293924435642,36293908250630,8335897,16600000,36293907835642,-1,36293908747944,36293909348937,36293909418517,36293910091206,36293912496032,17130,372437,36293912496032,36293910572611,36293934922424,36293910091206,
0,1579961,36293916166313,36293916166313,-908833142,36293916807230,36293918762430,36293918766214,36293918891743,36293932766313,36293916796650,8335285,16600000,36293916166313,-1,36293919036763,36293919550882,36293919619486,36293920430358,36293921636657,12899,327555,36293921636657,36293920989521,36293943229146,36293920430358,
0,1579976,36293924491974,36293924491974,-752341205,36293925098164,36293925129333,36293925130879,36293925190002,36293941091974,36293925092020,8334977,16600000,36293924491974,-1,36293925254495,36293927140807,36293927499246,36293928726745,36293930808817,17294,994467,36293930808817,36293929850443,36293951577738,36293928726745,
0,1579984,36293932824073,36293932824073,0,36293933858621,36293933861592,36293933864318,36293934005391,36293949424073,36293933846414,8334723,16600000,36293932824073,-1,36293934144754,36293934799661,36293934924946,36293935730000,36293936450907,19369,495320,36293936450907,36293936337544,36293959905171,36293935730000,
0,1579992,36293941153961,36293941153961,0,36293942152974,36293942157327,36293942159972,36293942267638,36293957753961,36293942144307,8334644,16600000,36293941153961,-1,36293942376688,36293942961974,36293943175272,36293943761250,36293946107238,20467,397176,36293946107238,36293944256489,36293968229512,36293943761250,
0,1580000,36293949488425,36293949488425,0,36293950251891,36293950255350,36293950258646,36293950364277,36293966088425,36293950241556,8334026,16600000,36293949488425,-1,36293950473571,36293951314717,36293951445454,36293953082254,36293954338602,23356,904744,36293954338602,36293954111348,36293976573628,36293953082254,
0,1580008,36293957813936,36293957813936,0,36293958436095,36293958439798,36293958442524,36293958542500,36293974413936,36293958427144,8333566,16600000,36293957813936,-1,36293958649515,36293959334818,36293959666198,36293960765767,36293962117044,22135,805542,36293962117044,36293961697570,36293984936950,36293960765767,
0,1580016,36293966142521,36293966142521,0,36293966776305,36293966778991,36293966781636,36293966866393,36293982742521,36293966768859,8333236,16600000,36293966142521,-1,36293966955464,36293967716979,36293967805277,36293968787577,36293969694844,20304,799804,36293969622049,36293969694844,36293993227559,36293968787577,
0,1580024,36293974471990,36293974471990,0,36293975063415,36293975066914,36293975070373,36293975172749,36293991071990,36293975053120,8332737,16600000,36293974471990,-1,36293975282612,36293975986999,36293976326273,36293976919860,36293978085103,14445,684733,36293978085103,36293977686136,36294001573587,36293976919860,
0,1580032,36293982798576,36293982798576,0,36293983486755,36293983490132,36293983493102,36293983600728,36293999398576,36293983477314,8332307,16600000,36293982798576,-1,36293983714904,36293984816995,36293985062357,36293986002542,36293987165750,24292,1028646,36293986798400,36293987165750,36294009911681,36293986002542,
0,1580040,36293991126843,36293991126843,0,36293991785583,36293991788757,36293991791646,36293991888936,36294007726843,36293991776672,8333366,16600000,36293991126843,-1,36293991991597,36293992969054,36293993114888,36293994078836,36293994711608,18229,529867,36293994536030,36293994711608,36294018294168,36293994078836,
0,1580048,36293999475062,36293999475062,0,36294000489928,36294000493184,36294000496276,36294000591043,36294016075062,36294000481465,8333414,16600000,36293999475062,-1,36294000686746,36294001336323,36294001416523,36294002069681,36294003174173,18799,389486,36294003174173,36294002565002,36294026583272,36294002069681,
0,1580056,36294007807754,36294007807754,0,36294008818542,36294008821838,36294008825215,36294008907897,36294024407754,36294008809305,8333706,16600000,36294007807754,-1,36294009001688,36294009731790,36294009853942,36294010478576,36294011044209,20305,415039,36294011044209,36294011011169,36294034912821,36294010478576,
0,1580064,36294016144510,36294016144510,0,36294016851175,36294016855204,36294016858662,36294016958109,36294032744510,36294016841125,8333686,16600000,36294016144510,-1,36294017063618,36294017803242,36294017892191,36294018594258,36294019659688,20548,426799,36294019659688,36294019145568,36294043244445,36294018594258,
0,1580072,36294024478180,36294024478180,0,36294025105122,36294025108255,36294025111307,36294025204650,36294041078180,36294025095926,8334361,16600000,36294024478180,-1,36294025304056,36294026209696,36294026302998,36294027240783,36294028279316,17497,917277,36294027722879,36294028279316,36294051570861,36294027240783,
0,1580080,36294032824349,36294032824349,0,36294033385355,36294033388651,36294033391540,36294033487365,36294049424349,36294033376607,8334392,16600000,36294032824349,-1,36294033586608,36294035032612,36294035147196,36294036234395,36294036719950,19246,407959,36294036500264,36294036719950,36294059974629,36294036234395,
0,1580088,36294041158715,36294041158715,0,36294041869445,36294041872049,36294041873880,36294041951558,36294057758715,36294041860778,8334419,16600000,36294041158715,-1,36294042030863,36294042786071,36294042920186,36294043574035,36294044731790,21037,373250,36294044731790,36294044131611,36294068274190,36294043574035,
0,1580096,36294049492619,36294049492619,0,36294050150736,36294050154479,36294050157897,36294050360697,36294066092619,36294050141662,8334213,16600000,36294049492619,-1,36294050475768,36294051205301,36294051280049,36294052111104,36294052589131,18188,368733,36294052357848,36294052589131,36294076595153,36294052111104,
0,1580104,36294057823704,36294057823704,0,36294058789408,36294058792134,36294058794290,36294058867980,36294074423704,36294058781758,8334239,16600000,36294057823704,-1,36294058947611,36294059633036,36294059734354,36294060813374,36294061675231,19450,425863,36294061675231,36294061352355,36294084928242,36294060813374,
0,1580112,36294066156688,36294066156688,0,36294067314147,36294067317362,36294067320373,36294067420715,36294082756688,36294067304829,8334889,16600000,36294066156688,-1,36294067533670,36294068312642,36294068410664,36294069091165,36294070479634,20712,769328,36294070479634,36294069991149,36294093268737,36294069091165,
0,1580120,36294074503524,36294074503524,0,36294075110737,36294075114196,36294075117288,36294075209370,36294091103524,36294075100361,8335211,16600000,36294074503524,-1,36294075642598,36294076360330,36294076451436,36294077389220,36294078121805,18839,302978,36294078121805,36294077759419,36294101606994,36294077389220,
0,1580128,36294082843034,36294082843034,0,36294083561177,36294083564920,36294083568420,36294083668110,36294099443034,36294083550964,8334999,16600000,36294082843034,-1,36294083773620,36294084438415,36294084503316,36294085029316,36294086430236,16398,1290893,36294085875060,36294086430236,36294109951395,36294085029316,
0,1580136,36294091175173,36294091175173,0,36294091912048,36294091916442,36294091921081,36294092143534,36294107775173,36294091900410,8335221,16600000,36294091175173,-1,36294092266825,36294093166361,36294093253560,36294093841857,36294095752176,19938,348226,36294095752176,36294094291361,36294118401468,36294093841857,
0,1580144,36294099512026,36294099512026,0,36294100249816,36294100253600,36294100257588,36294100361104,36294116112026,36294100239806,8335101,16600000,36294099512026,-1,36294100465921,36294101307026,36294101402852,36294102562927,36294103624979,17538,938436,36294103258849,36294103624979,36294126615986,36294102562927,
0,1580152,36294107845660,36294107845660,0,36294108597879,36294108600890,36294108603901,36294108693053,36294124445660,36294108589334,8335429,16600000,36294107845660,-1,36294108790181,36294109476948,36294109560851,36294110212259,36294111887430,18677,396973,36294111887430,36294110713154,36294135030130,36294110212259,
0,1580160,36294116184645,36294116184645,0,36294117103088,36294117106384,36294117109435,36294117199727,36294132784645,36294117094868,8335467,16600000,36294116184645,-1,36294117297017,36294117959940,36294118028584,36294118644144,36294120492614,16154,397583,36294120492614,36294119161112,36294143328958,36294118644144,
0,1580168,36294124521308,36294124521308,0,36294125258890,36294125262512,36294125266011,36294125364806,36294141121308,36294125249776,8337331,16600000,36294124521308,-1,36294125471211,36294126179260,36294126256937,36294126827046,36294128451680,17130,397990,36294128451680,36294127339701,36294151621724,36294126827046,
0,1580176,36294132889523,36294132889523,0,36294133708556,36294133712341,36294133715799,36294133825256,36294149489523,36294133698791,8337168,16600000,36294132889523,-1,36294133936909,36294134551371,36294134616597,36294135219787,36294135748107,16520,379924,36294135748107,36294135704487,36294159965759,36294135219787,
0,1580184,36294141222699,36294141222699,0,36294141964009,36294141967142,36294141969828,36294142062072,36294157822699,36294141954976,8337952,16600000,36294141222699,-1,36294142164164,36294142697000,36294142759256,36294143254984,36294144947570,11922,354492,36294144947570,36294143711283,36294168342101,36294143254984,
0,1580192,36294149574098,36294149574098,0,36294150254333,36294150257588,36294150260599,36294150354064,36294166174098,36294150245584,8338211,16600000,36294149574098,-1,36294150455179,36294151161681,36294151258076,36294152165628,36294153812642,17619,433675,36294153812642,36294152721496,36294176612691,36294152165628,
0,1580200,36294157915621,36294157915621,0,36294158830423,36294158834736,36294158838399,36294158973693,36294174515621,36294158818379,8338230,16600000,36294157915621,-1,36294159115539,36294159764343,36294159826598,36294160482035,36294162835225,18026,398438,36294162835225,36294160995544,36294184966898,36294160482035,
0,1580208,36294166250135,36294166250135,0,36294168627502,36294168631774,36294168634907,36294168761738,36294182850135,36294168615742,8337701,16600000,36294166250135,-1,36294168883890,36294169548197,36294169623026,36294170289693,36294171064920,15503,668132,36294170802266,36294171064920,36294193301411,36294170289693,
0,1580216,36294174579375,36294174579375,0,36294175641621,36294175644958,36294175648294,36294175748107,36294191179375,36294175632181,8337879,16600000,36294174579375,-1,36294175857889,36294176467915,36294176522969,36294177002054,36294178437438,14526,350952,36294178437438,36294177441141,36294201643493,36294177002054,
0,1580224,36294182920381,36294182920381,0,36294183644429,36294183647725,36294183651102,36294183757669,36294199520381,36294183634460,8337083,16600000,36294182920381,-1,36294183870544,36294184558288,36294184616271,36294185145039,36294186665873,15421,368367,36294186665873,36294185617166,36294210015482,36294185145039,
0,1580232,36294191243890,36294191243890,0,36294192108011,36294192110412,36294192112528,36294192188659,36294207843890,36294192096984,8337310,16600000,36294191243890,-1,36294192274393,36294192975931,36294193077249,36294193888122,36294195895609,19409,471720,36294195895609,36294194494811,36294218381774,36294193888122,
0,1580240,36294199580817,36294199580817,0,36294200316507,36294200319966,36294200323547,36294200421651,36294216180817,36294200306375,8336845,16600000,36294199580817,-1,36294200533426,36294201174824,36294201270487,36294201967793,36294204418721,19938,417439,36294204418721,36294202518167,36294226684956,36294201967793,
0,1580248,36294207909982,36294207909982,0,36294208992126,36294208996968,36294209001322,36294209207783,36294224509982,36294208977193,8336369,16600000,36294207909982,-1,36294209406188,36294211123311,36294211341003,36294212706481,36294214676371,33325,679362,36294214676371,36294213570454,36294234985086,36294212706481,
0,1580256,36294216239614,36294216239614,0,36294217807596,36294217813049,36294217817199,36294217999653,36294232839614,36294217793355,8336322,16600000,36294216239614,-1,36294218183166,36294218382832,36294218642720,36294219795308,36294223198303,31901,706788,36294223198303,36294220659525,36294243310404,36294219795308,
0,1580264,36294224577484,36294224577484,0,36294225197611,36294225199971,36294225202656,36294225272277,36294241177484,36294225190531,8336479,16600000,36294224577484,-1,36294225491149,36294226029927,36294226101135,36294226729715,36294230729390,16114,463135,36294230729390,36294227404764,36294251658508,36294226729715,
0,1580272,36294232920306,36294232920306,0,36294233974019,36294234176086,36294234181660,36294234315409,36294249520306,36294233963073,8337101,16600000,36294232920306,-1,36294234441507,36294235098612,36294235204487,36294235863626,36294237645894,15747,488525,36294237645894,36294236463317,36294260036478,36294235863626,
0,1580287,36294241257183,36294241257183,0,36294242411234,36294242414896,36294242417948,36294242620462,36294257857183,36294242402974,8336649,16600000,36294241257183,-1,36294242720153,36294243202005,36294243284728,36294243804585,36294249583882,15828,463501,36294249583882,36294244373921,36294268317362,36294243804585,
0,1580295,36294249593832,36294249593832,0,36294250282409,36294250285176,36294250287699,36294250350728,36294266193832,36294250276387,8335821,16600000,36294249593832,-1,36294250418843,36294251077005,36294251177632,36294251831237,36294254075866,18025,483602,36294254075866,36294252426778,36294276666320,36294251831237,
0,1580303,36294257917589,36294257917589,0,36294258531880,36294258535095,36294258538065,36294258632140,36294274517589,36294258523701,8335128,16600000,36294257917589,-1,36294258731791,36294259383849,36294259475321,36294260165303,36294268618713,17375,394002,36294268618713,36294260655781,36294285052673,36294260165303,
0,1580311,36294266244053,36294266244053,0,36294267115702,36294267118265,36294267120951,36294267181945,36294282844053,36294267110168,8335089,16600000,36294266244053,-1,36294267244730,36294267842630,36294267947652,36294268760029,36294273495462,17578,419922,36294273495462,36294269297546,36294293318338,36294268760029,
0,1580319,36294274581875,36294274581875,0,36294275225158,36294275228169,36294275231140,36294275319640,36294291181875,36294275217020,8334227,16600000,36294274581875,-1,36294275426859,36294276251240,36294276330627,36294276955016,36294285024434,18717,388712,36294285024434,36294277457783,36294301661193,36294276955016,
0,1580327,36294282904895,36294282904895,0,36294283362487,36294283365295,36294283367573,36294283421569,36294299504895,36294283357848,8333697,16600000,36294282904895,-1,36294283480855,36294283964050,36294284158630,36294284819274,36294289499450,16521,382446,36294289499450,36294285312682,36294309996724,36294284819274,
0,1580335,36294291232956,36294291232956,0,36294291914489,36294291917988,36294291921406,36294292194112,36294307832956,36294291904886,8335695,16600000,36294291232956,-1,36294292306579,36294293017761,36294293085917,36294293624979,36294297399312,16032,358439,36294297399312,36294294086608,36294318328063,36294293624979,
0,1580343,36294299594487,36294299594487,0,36294300675028,36294300677673,36294300679748,36294300761616,36294316194487,36294300666605,8334874,16600000,36294299594487,-1,36294300845316,36294301487365,36294301595397,36294302131001,36294304940856,13631,370809,36294304940856,36294302609232,36294326648010,36294302131001,
0,1580351,36294307917700,36294307917700,0,36294308681864,36294308685078,36294308688903,36294308797220,36294324517700,36294308671325,8335411,16600000,36294307917700,-1,36294308910095,36294309580261,36294309639709,36294310146830,36294311714863,16479,368286,36294311714863,36294310616190,36294335043192,36294310146830,
0,1580359,36294316257040,36294316257040,0,36294317069112,36294317073221,36294317076883,36294317186869,36294332857040,36294317059590,8335488,16600000,36294316257040,-1,36294317301655,36294317950825,36294318013041,36294318512349,36294320246032,16194,339396,36294320246032,36294318953511,36294343355611,36294318512349,
0,1580367,36294324591544,36294324591544,0,36294326035339,36294326038757,36294326042378,36294326141214,36294341191544,36294326025207,8334895,16600000,36294324591544,-1,36294326245951,36294326902852,36294326982767,36294327576639,36294329244811,20874,513265,36294329244811,36294328207539,36294351674336,36294327576639,
0,1580375,36294332918263,36294332918263,0,36294333769022,36294333772928,36294333776468,36294333905741,36294349518263,36294333757954,8334219,16600000,36294332918263,-1,36294334040547,36294334690409,36294334757222,36294335368550,36294336843933,21118,409057,36294336843933,36294335900370,36294360011454,36294335368550,
0,1580383,36294341242574,36294341242574,0,36294342522155,36294342528462,36294342533060,36294342660705,36294357842574,36294342507954,8335083,16600000,36294341242574,-1,36294342792866,36294343415628,36294343476704,36294344257954,36294345470682,18717,445231,36294345470682,36294344811380,36294368333434,36294344257954,
0,1580391,36294349590156,36294349590156,0,36294350639099,36294350641865,36294350644022,36294350728088,36294366190156,36294350629618,8334606,16600000,36294349590156,-1,36294350819437,36294351449157,36294351515360,36294352112365,36294353478617,15869,410278,36294353478617,36294352639017,36294376658874,36294352112365,
0,1580399,36294357920385,36294357920385,0,36294358589497,36294358592875,36294358596293,36294358688008,36294374520385,36294358580220,8334134,16600000,36294357920385,-1,36294358788879,36294359341898,36294359412984,36294359992167,36294360808003,14039,369792,36294360808003,36294360550557,36294385031839,36294359992167,
0,1580407,36294366248913,36294366248913,0,36294366947692,36294366951273,36294366954650,36294367051371,36294382848913,36294366937967,8333675,16600000,36294366248913,-1,36294367158508,36294367900573,36294368182067,36294369078633,36294370673685,20386,437215,36294370673685,36294369620178,36294393341044,36294369078633,
0,1580415,36294374577760,36294374577760,0,36294375607604,36294375611511,36294375615091,36294375912658,36294391177760,36294375596252,8333125,16600000,36294374577760,-1,36294376096130,36294376648620,36294376723408,36294377225158,36294378434346,13549,677856,36294378434346,36294378023498,36294401692036,36294377225158,
0,1580423,36294382904282,36294382904282,0,36294383702779,36294383705342,36294383707458,36294383784362,36294399504282,36294383695739,8333039,16600000,36294382904282,-1,36294383864684,36294384647969,36294384745137,36294385491475,36294387404357,21810,495280,36294387404357,36294386131693,36294410051533,36294385491475,
0,1580431,36294391235205,36294391235205,0,36294392148417,36294392152323,36294392156717,36294392273254,36294407835205,36294392135884,8334074,16600000,36294391235205,-1,36294392385599,36294393015279,36294393145934,36294393756815,36294395356628,18880,410767,36294395356628,36294394287170,36294418326639,36294393756815,
0,1580439,36294399582715,36294399582715,0,36294400611348,36294400614196,36294400616312,36294400694396,36294416182715,36294400602884,8334313,16600000,36294399582715,-1,36294400777933,36294401587219,36294401700825,36294402435974,36294403330871,24414,499186,36294403330871,36294403085550,36294426690612,36294402435974,
0,1580447,36294407918986,36294407918986,0,36294408974100,36294408977600,36294408981018,36294409077819,36294424518986,36294408965067,8334296,16600000,36294407918986,-1,36294409319763,36294410034362,36294410157409,36294410796895,36294412323750,19694,551595,36294412323750,36294411475565,36294435143127,36294410796895,
0,1580455,36294416254086,36294416254086,0,36294416822489,36294416825785,36294416829203,36294416915832,36294432854086,36294416813659,8334466,16600000,36294416254086,-1,36294417476094,36294418482442,36294418593892,36294419493672,36294420094950,17741,391479,36294419891743,36294420094950,36294443487284,36294419493672,
0,1580463,36294424593608,36294424593608,0,36294425588073,36294425591654,36294425595072,36294425684916,36294441193608,36294425578267,8333925,16600000,36294424593608,-1,36294425783467,36294426491231,36294426578104,36294427197367,36294428397237,17252,380656,36294428397237,36294427682393,36294451682840,36294427197367,
0,1580471,36294432919170,36294432919170,0,36294433689066,36294433693094,36294433697692,36294433804545,36294449519170,36294433677388,8334525,16600000,36294432919170,-1,36294433923115,36294434603088,36294434672058,36294435271870,36294437221415,19531,398641,36294437221415,36294435786966,36294460000834,36294435271870,
0,1580479,36294441260577,36294441260577,0,36294442233296,36294442237162,36294442240742,36294442358418,36294457860577,36294442222635,8336018,16600000,36294441260577,-1,36294442480244,36294443210143,36294443279276,36294445833638,36294446452331,19043,382771,36294446452331,36294446364278,36294468412740,36294445833638,
0,1580487,36294449623513,36294449623513,0,36294450301574,36294450304138,36294450306335,36294450380757,36294466223513,36294450293965,8337673,16600000,36294449623513,-1,36294450450866,36294451418355,36294451533182,36294452349995,36294455630147,15096,520630,36294455630147,36294452989929,36294476692728,36294452349995,
0,1580495,36294457988559,36294457988559,0,36294458586446,36294458590108,36294458593037,36294458688008,36294474588559,36294458576761,8337964,16600000,36294457988559,-1,36294458794942,36294459452087,36294459525532,36294460467102,36294460980082,16398,370442,36294460980082,36294460946919,36294485058451,36294460467102,
0,1580503,36294466324287,36294466324287,0,36294467017761,36294467021708,36294467025044,36294467130472,36294482924287,36294467007588,8337024,16600000,36294466324287,-1,36294467244608,36294468323547,36294468437113,36294469109761,36294469665710,19084,401530,36294469665710,36294469631042,36294493332539,36294469109761,
0,1580511,36294474644781,36294474644781,0,36294475611185,36294475615051,36294475618509,36294475720886,36294491244781,36294475600728,8337332,16600000,36294474644781,-1,36294475828755,36294476536926,36294476639180,36294477416849,36294478257100,19532,628174,36294478257100,36294478195332,36294501679707,36294477416849,
0,1580519,36294482986825,36294482986825,0,36294483283548,36294483284240,36294483284728,36294483312927,36294499586825,36294483280985,8336785,16600000,36294482986825,-1,36294483342671,36294484133809,36294484207783,36294484786804,36294485251444,13794,293986,36294485251444,36294485169047,36294509989481,36294484786804,
0,1580527,36294491313694,36294491313694,0,36294492150899,36294492154479,36294492158060,36294492260884,36294507913694,36294492140645,8336625,16600000,36294491313694,-1,36294492369527,36294492668192,36294492698954,36294492906148,36294495210876,6999,135579,36294495210876,36294493076924,36294518339457,36294492906148,
0,1580535,36294499647893,36294499647893,0,36294500329488,36294500332865,36294500336446,36294500440490,36294516247893,36294500319803,8335311,16600000,36294499647893,-1,36294500547180,36294500821960,36294500844177,36294501032043,36294501852274,4720,118286,36294501852274,36294501184305,36294526654032,36294501032043,
0,1580543,36294507963067,36294507963067,0,36294508678161,36294508681335,36294508684672,36294508770935,36294524563067,36294508666646,8335145,16600000,36294507963067,-1,36294508864725,36294510119038,36294510336405,36294510984598,36294513266418,17823,546021,36294513266418,36294511785380,36294535000793,36294510984598,
0,1580551,36294516292486,36294516292486,0,36294517018005,36294517020935,36294517023620,36294517122131,36294532892486,36294517009704,8334358,16600000,36294516292486,-1,36294517217549,36294517515767,36294517543843,36294517773132,36294519071919,6876,151164,36294519071919,36294517960754,36294543345642,36294517773132,
0,1580559,36294524612767,36294524612767,0,36294525156188,36294525159403,36294525162333,36294525241068,36294541212767,36294525148498,8333627,16600000,36294524612767,-1,36294525331970,36294525569803,36294525589009,36294525762552,36294526618631,4476,109375,36294526618631,36294525905253,36294551693135,36294525762552,
0,1580567,36294532935424,36294532935424,0,36294533307800,36294533308532,36294533309020,36294533337504,36294549535424,36294533305928,8332690,16600000,36294532935424,-1,36294533369120,36294533590230,36294533612447,36294533802266,36294536620178,4069,119710,36294536620178,36294533956278,36294560113301,36294533802266,
0,1580575,36294541253966,36294541253966,0,36294541781555,36294541784444,36294541787048,36294541883646,36294557853966,36294541772888,8331802,16600000,36294541253966,-1,36294541987772,36294542243835,36294542263651,36294542595397,36294543103576,5005,120442,36294543103576,36294542751281,36294568408833,36294542595397,
0,1580583,36294549574458,36294549574458,0,36294550207336,36294550209777,36294550212219,36294550299336,36294566174458,36294550200093,8330952,16600000,36294549574458,-1,36294550530253,36294551273579,36294551366719,36294551945821,36294554487772,16398,431315,36294554487772,36294552478576,36294576739725,36294551945821,
0,1580591,36294557896471,36294557896471,0,36294558612976,36294558616149,36294558618835,36294559038757,36294574496471,36294558604797,8330901,16600000,36294557896471,-1,36294559170430,36294559946350,36294560149312,36294560674580,36294562599263,28687,273478,36294562599263,36294561027608,36294585044291,36294560674580,
0,1580599,36294566228797,36294566228797,0,36294566935567,36294566939107,36294566942606,36294567047017,36294582828797,36294566925598,8331717,16600000,36294566228797,-1,36294567154968,36294567771586,36294567957336,36294568437479,36294570987243,17415,123535,36294570987243,36294568597391,36294593370218,36294568437479,
0,1580607,36294574579242,36294574579242,0,36294575421895,36294575425923,36294575429626,36294575566589,36294591179242,36294575409566,8332113,16600000,36294574579242,-1,36294575703592,36294576220682,36294576255106,36294576530008,36294579669657,6267,175944,36294579669657,36294576752827,36294601763977,36294576530008,
0,1580615,36294582920824,36294582920824,0,36294583962097,36294583965067,36294583967997,36294584146952,36294599520824,36294583952331,8332812,16600000,36294582920824,-1,36294584249247,36294584501200,36294584525899,36294584781677,36294586221740,5249,120524,36294586221740,36294584935363,36294610032002,36294584781677,
0,1580623,36294591265369,36294591265369,0,36294591818135,36294591821065,36294591824157,36294591917744,36294607865369,36294591809427,8332148,16600000,36294591265369,-1,36294592080057,36294592309183,36294592339375,36294592736836,36294593223734,4802,119548,36294593223734,36294592890563,36294618513366,36294592736836,
0,1580631,36294599591623,36294599591623,0,36294600174540,36294600177632,36294600180643,36294600270080,36294616191623,36294600167622,8331786,16600000,36294599591623,-1,36294600366027,36294600597880,36294600627502,36294600839619,36294601756001,4191,136027,36294601756001,36294601009379,36294626706278,36294600839619,
0,1580639,36294607920354,36294607920354,0,36294608506164,36294608509012,36294608511942,36294608585184,36294624520354,36294608498799,8334149,16600000,36294607920354,-1,36294608667744,36294608888326,36294608916442,36294609113057,36294612078877,4394,106689,36294612078877,36294609251525,36294635045593,36294609113057,
0,1580647,36294616285661,36294616285661,0,36294616876770,36294616880188,36294616883565,36294616969136,36294632885661,36294616868062,8335819,16600000,36294616285661,-1,36294617061787,36294617608378,36294617680480,36294618259053,36294619121927,16317,353272,36294619121927,36294618742736,36294643372334,36294618259053,
0,1580655,36294624637112,36294624637112,0,36294625195536,36294625198506,36294625201477,36294625283020,36294641237112,36294625187967,8337611,16600000,36294624637112,-1,36294625368957,36294626223490,36294626325256,36294627290466,36294628157735,15177,668335,36294627793355,36294628157735,36294651694641,36294627290466,
0,1580663,36294633004622,36294633004622,0,36294633741149,36294633744445,36294633748107,36294633850565,36294649604622,36294633731669,8336909,16600000,36294633004622,-1,36294633954203,36294634637186,36294634743469,36294635583231,36294637148783,17537,900065,36294637148783,36294636586120,36294660041320,36294635583231,
0,1580671,36294641329715,36294641329715,0,36294641887878,36294641891255,36294641894755,36294641976989,36294657929715,36294641879170,8337475,16600000,36294641329715,-1,36294642069519,36294642760681,36294642865661,36294643758321,36294644452331,16968,619670,36294644241719,36294644452331,36294668436381,36294643758321,
0,1580679,36294649669565,36294649669565,0,36294650274882,36294650278137,36294650281636,36294650376322,36294666269565,36294650265197,8337155,16600000,36294649669565,-1,36294650478007,36294651740661,36294651811869,36294652674662,36294653325663,17781,545451,36294653207377,36294653325663,36294676743591,36294652674662,
0,1580687,36294657998905,36294657998905,0,36294658620422,36294658623555,36294658627014,36294658718322,36294674598905,36294658610494,8337170,16600000,36294657998905,-1,36294658815043,36294659735412,36294659812561,36294660885070,36294661602559,17294,592733,36294661410095,36294661602559,36294685077657,36294660885070,
0,1580695,36294666330932,36294666330932,0,36294667036315,36294667039367,36294667042907,36294667139546,36294682930932,36294667026591,8336485,16600000,36294666330932,-1,36294667239156,36294667540710,36294667569844,36294667786031,36294671452494,5574,134278,36294671452494,36294667953389,36294693445210,36294667786031,
0,1580704,36294682999391,36294682999391,0,36294683355733,36294683356547,36294683357035,36294683386861,36294699599391,36294683352803,8336310,16600000,36294682999391,-1,36294683420634,36294684360900,36294684451639,36294685290710,36294686453023,21647,1005045,36294686318542,36294686453023,36294710053812,36294685290710,
0,1580712,36294691329440,36294691329440,0,36294691970438,36294691973897,36294691977396,36294692147928,36294707929440,36294691960957,8335923,16600000,36294691329440,-1,36294692256734,36294692979593,36294693065857,36294693997904,36294694705261,16683,610433,36294694442647,36294694705261,36294718437561,36294693997904,
0,1580720,36294699660739,36294699660739,0,36294700344340,36294700347229,36294700350606,36294700440450,36294716260739,36294700335795,8335923,16600000,36294699660739,-1,36294700537129,36294701356384,36294701471700,36294702090271,36294702599426,15584,393147,36294702599426,36294702556701,36293693186055,36294702090271,
0,1580728,36294707996662,36294707996662,0,36294708761210,36294708765238,36294708769633,36294708877380,36294724596662,36294708749694,8335622,16600000,36294707996662,-1,36294708993306,36294709778381,36294710079203,36294710806538,36294711465149,18067,376750,36294711287251,36294711465149,36293701500711,36294710806538,
0,1580736,36294716331555,36294716331555,0,36294716964782,36294716968485,36294716971944,36294717063619,36294732931555,36294716955342,8334465,16600000,36294716331555,-1,36294717166280,36294717770650,36294717859069,36294718593160,36294721929463,19734,467773,36294721929463,36294719199401,36293709839049,36294718593160,
0,1580745,36294732983495,36294732983495,0,36294733926086,36294733929789,36294733933410,36294734032124,36294749583495,36294733915588,8334045,16600000,36294732983495,-1,36294734135315,36294734811340,36294734907165,36294735616312,36294736677510,23926,455201,36294736677510,36294736208191,36293718176574,36294735616312,
0,1580753,36294741318160,36294741318160,0,36294741677754,36294741678772,36294741679504,36294741703552,36294757918160,36294741675394,8334623,16600000,36294741318160,-1,36294741728942,36294742472717,36294742555033,36294743676412,36294744570861,15178,759928,36294744095357,36294744570861,36293726511331,36294743676412,
0,1580769,36294757993012,36294757993012,0,36294758844421,36294758849385,36294758853861,36294758974385,36294774593012,36294758832621,8334501,16600000,36294757993012,-1,36294759109720,36294759433614,36294759476664,36294759725728,36294760693664,7771,146322,36294760693664,36294759908711,36293734879821,36294759725728,
---PROFILEDATA---


View hierarchy:

  org.ultimatemaps.spike.maplibre/org.ultimatemaps.spike.MainActivity/android.view.ViewRootImpl@e356de4
  10 views, 17,26 kB of render nodes


Total ViewRootImpl   : 1
Total attached Views : 10
Total RenderNode     : 17,26 kB (used) / 52,80 kB (capacity)

