Applications Graphics Acceleration Info:
Uptime: 36688074 Realtime: 36688074

** Graphics info for pid 14356 [org.ultimatemaps.spike.maplibre] **

Stats since: 36678398083703ns
Total frames rendered: 148
Janky frames: 0 (0.00%)
Janky frames (legacy): 0 (0.00%)
50th percentile: 5ms
90th percentile: 6ms
95th percentile: 7ms
99th percentile: 10ms
Number Missed Vsync: 0
Number High input latency: 0
Number Slow UI thread: 0
Number Slow bitmap uploads: 0
Number Slow issue draw commands: 0
Number Frame deadline missed: 0
Number Frame deadline missed (legacy): 0
HISTOGRAM: 5ms=128 6ms=9 7ms=7 8ms=2 9ms=0 10ms=1 11ms=0 12ms=1 13ms=0 14ms=0 15ms=0 16ms=0 17ms=0 18ms=0 19ms=0 20ms=0 21ms=0 22ms=0 23ms=0 24ms=0 25ms=0 26ms=0 27ms=0 28ms=0 29ms=0 30ms=0 31ms=0 32ms=0 34ms=0 36ms=0 38ms=0 40ms=0 42ms=0 44ms=0 46ms=0 48ms=0 53ms=0 57ms=0 61ms=0 65ms=0 69ms=0 73ms=0 77ms=0 81ms=0 85ms=0 89ms=0 93ms=0 97ms=0 101ms=0 105ms=0 109ms=0 113ms=0 117ms=0 121ms=0 125ms=0 129ms=0 133ms=0 150ms=0 200ms=0 250ms=0 300ms=0 350ms=0 400ms=0 450ms=0 500ms=0 550ms=0 600ms=0 650ms=0 700ms=0 750ms=0 800ms=0 850ms=0 900ms=0 950ms=0 1000ms=0 1050ms=0 1100ms=0 1150ms=0 1200ms=0 1250ms=0 1300ms=0 1350ms=0 1400ms=0 1450ms=0 1500ms=0 1550ms=0 1600ms=0 1650ms=0 1700ms=0 1750ms=0 1800ms=0 1850ms=0 1900ms=0 1950ms=0 2000ms=0 2050ms=0 2100ms=0 2150ms=0 2200ms=0 2250ms=0 2300ms=0 2350ms=0 2400ms=0 2450ms=0 2500ms=0 2550ms=0 2600ms=0 2650ms=0 2700ms=0 2750ms=0 2800ms=0 2850ms=0 2900ms=0 2950ms=0 3000ms=0 3050ms=0 3100ms=0 3150ms=0 3200ms=0 3250ms=0 3300ms=0 3350ms=0 3400ms=0 3450ms=0 3500ms=0 3550ms=0 3600ms=0 3650ms=0 3700ms=0 3750ms=0 3800ms=0 3850ms=0 3900ms=0 3950ms=0 4000ms=0 4050ms=0 4100ms=0 4150ms=0 4200ms=0 4250ms=0 4300ms=0 4350ms=0 4400ms=0 4450ms=0 4500ms=0 4550ms=0 4600ms=0 4650ms=0 4700ms=0 4750ms=0 4800ms=0 4850ms=0 4900ms=0 4950ms=0
50th gpu percentile: 2ms
90th gpu percentile: 5ms
95th gpu percentile: 5ms
99th gpu percentile: 6ms
GPU HISTOGRAM: 1ms=44 2ms=50 3ms=19 4ms=19 5ms=10 6ms=5 7ms=0 8ms=0 9ms=0 10ms=0 11ms=1 12ms=0 13ms=0 14ms=0 15ms=0 16ms=0 17ms=0 18ms=0 19ms=0 20ms=0 21ms=0 22ms=0 23ms=0 24ms=0 25ms=0 4950ms=0

Pipeline=Skia (Vulkan)
Memory policy:
  Max surface area: 2592000
  Max resource usage: 124.42MB (x48)
  Background retention: 50% (altUiHidden = true)
  GPU Context timeout: 10
Contexts: 1 (stopped = 0)
CPU Caches:
  Glyph Cache: 0.00 bytes (1 entry)
  Glyph Count: 0 
Total CPU memory usage:
  0 bytes, 0.00 bytes (0.00 bytes is purgeable)
GPU Caches:
  Other:
    Other: 0.00 bytes (1 entry)
  Image:
    Surface: 127.97 KB (3 entries)
  Scratch:
    Buffer Object: 128.00 KB (3 entries)
    Surface: 98.88 MB (23 entries)
Layer Info:
    VkLayer size 1080x2400
  Layers Total         10125.00 KB (numLayers = 1)
Total GPU memory usage:
  103942112 bytes, 99.13 MB (96.00 KB is purgeable)
Pipeline Cache: inactiveTextureView: 1080x2400

GraphicBufferAllocator buffers:
            Handle |         Size |     W (Stride) x H | Layers |   Format |      Usage | Requestor
0xb400007b0bdd5b90 | 10200.00 KiB | 1080 (1088) x 2400 |      1 |        1 | 0x     b00 | VRI[MainActivity]#0(BLAST Consumer)0
0xb400007b0be7c710 | 10200.00 KiB | 1080 (1088) x 2400 |      1 |        1 | 0x     b00 | VRI[MainActivity]#0(BLAST Consumer)0
0xb400007b0be7c870 | 10200.00 KiB | 1080 (1088) x 2400 |      1 |        1 | 0x     b00 | VRI[MainActivity]#0(BLAST Consumer)0
0xb400007b0be7d370 | 10200.00 KiB | 1080 (1088) x 2400 |      1 |        1 | 0x     300 | SurfaceTexture-0-14356-0
0xb400007b0be7dbb0 | 10200.00 KiB | 1080 (1088) x 2400 |      1 |        1 | 0x     b00 | VRI[MainActivity]#0(BLAST Consumer)0
0xb400007b0be7ed90 | 10200.00 KiB | 1080 (1088) x 2400 |      1 |        1 | 0x     300 | SurfaceTexture-0-14356-0
0xb400007b0be7eef0 | 10200.00 KiB | 1080 (1088) x 2400 |      1 |        1 | 0x     300 | SurfaceTexture-0-14356-0
0xb400007b0be7f310 | 10200.00 KiB | 1080 (1088) x 2400 |      1 |        1 | 0x     300 | SurfaceTexture-0-14356-0
0xb400007b0be7f5d0 | 10200.00 KiB | 1080 (1088) x 2400 |      1 |        1 | 0x     b00 | VRI[MainActivity]#0(BLAST Consumer)0
0xb400007b0be804f0 | 10200.00 KiB | 1080 (1088) x 2400 |      1 |        1 | 0x     300 | SurfaceTexture-0-14356-0
Total allocated by GraphicBufferAllocator (estimate): 102000.00 KB
Imported gralloc buffers:
Total imported by gralloc: 0KiB

Profile data in ms:

	org.ultimatemaps.spike.maplibre/org.ultimatemaps.spike.MainActivity/android.view.ViewRootImpl@5304d77 (visibility=0)
Window: org.ultimatemaps.spike.maplibre/org.ultimatemaps.spike.MainActivity
Stats since: 36678398082890ns
Total frames rendered: 148
Janky frames: 0 (0.00%)
Janky frames (legacy): 0 (0.00%)
50th percentile: 5ms
90th percentile: 6ms
95th percentile: 7ms
99th percentile: 10ms
Number Missed Vsync: 0
Number High input latency: 0
Number Slow UI thread: 0
Number Slow bitmap uploads: 0
Number Slow issue draw commands: 0
Number Frame deadline missed: 0
Number Frame deadline missed (legacy): 0
HISTOGRAM: 5ms=128 6ms=9 7ms=7 8ms=2 9ms=0 10ms=1 11ms=0 12ms=1 13ms=0 14ms=0 15ms=0 16ms=0 17ms=0 18ms=0 19ms=0 20ms=0 21ms=0 22ms=0 23ms=0 24ms=0 25ms=0 26ms=0 27ms=0 28ms=0 29ms=0 30ms=0 31ms=0 32ms=0 34ms=0 36ms=0 38ms=0 40ms=0 42ms=0 44ms=0 46ms=0 48ms=0 53ms=0 57ms=0 61ms=0 65ms=0 69ms=0 73ms=0 77ms=0 81ms=0 85ms=0 89ms=0 93ms=0 97ms=0 101ms=0 105ms=0 109ms=0 113ms=0 117ms=0 121ms=0 125ms=0 129ms=0 133ms=0 150ms=0 200ms=0 250ms=0 300ms=0 350ms=0 400ms=0 450ms=0 500ms=0 550ms=0 600ms=0 650ms=0 700ms=0 750ms=0 800ms=0 850ms=0 900ms=0 950ms=0 1000ms=0 1050ms=0 1100ms=0 1150ms=0 1200ms=0 1250ms=0 1300ms=0 1350ms=0 1400ms=0 1450ms=0 1500ms=0 1550ms=0 1600ms=0 1650ms=0 1700ms=0 1750ms=0 1800ms=0 1850ms=0 1900ms=0 1950ms=0 2000ms=0 2050ms=0 2100ms=0 2150ms=0 2200ms=0 2250ms=0 2300ms=0 2350ms=0 2400ms=0 2450ms=0 2500ms=0 2550ms=0 2600ms=0 2650ms=0 2700ms=0 2750ms=0 2800ms=0 2850ms=0 2900ms=0 2950ms=0 3000ms=0 3050ms=0 3100ms=0 3150ms=0 3200ms=0 3250ms=0 3300ms=0 3350ms=0 3400ms=0 3450ms=0 3500ms=0 3550ms=0 3600ms=0 3650ms=0 3700ms=0 3750ms=0 3800ms=0 3850ms=0 3900ms=0 3950ms=0 4000ms=0 4050ms=0 4100ms=0 4150ms=0 4200ms=0 4250ms=0 4300ms=0 4350ms=0 4400ms=0 4450ms=0 4500ms=0 4550ms=0 4600ms=0 4650ms=0 4700ms=0 4750ms=0 4800ms=0 4850ms=0 4900ms=0 4950ms=0
50th gpu percentile: 2ms
90th gpu percentile: 5ms
95th gpu percentile: 5ms
99th gpu percentile: 6ms
GPU HISTOGRAM: 1ms=44 2ms=50 3ms=19 4ms=19 5ms=10 6ms=5 7ms=0 8ms=0 9ms=0 10ms=0 11ms=1 12ms=0 13ms=0 14ms=0 15ms=0 16ms=0 17ms=0 18ms=0 19ms=0 20ms=0 21ms=0 22ms=0 23ms=0 24ms=0 25ms=0 4950ms=0



---PROFILEDATA---
Flags,FrameTimelineVsyncId,IntendedVsync,Vsync,InputEventId,HandleInputStart,AnimationStart,PerformTraversalsStart,DrawStart,FrameDeadline,FrameStartTime,FrameInterval,WorkloadTarget,AnimationTime,AnimationCounter,SyncQueued,SyncStart,IssueDrawCommandsStart,SwapBuffers,FrameCompleted,DequeueBufferDuration,QueueBufferDuration,GpuCompleted,SwapBuffersCompleted,DisplayPresentTime,CommandSubmissionCompleted,
0,1729392,36678859265837,36678859265837,0,36678860377120,36678860381067,36678860383590,36678860471602,36678875865837,36678860369023,16669478,16600000,36678859265837,-1,36678860573979,36678862130172,36678862175419,36678862536096,36678863358809,7975,226155,36678863358809,36678862829716,36678886385136,36678862536096,
0,1729399,36678875947622,36678875947622,0,36678876767379,36678876772831,36678876777470,36678876906498,36678892547622,36678876755050,16669993,16600000,36678875947622,-1,36678877042810,36678877457198,36678877496016,36678877803634,36678878648971,8829,191203,36678878648971,36678878041833,36678903051925,36678877803634,
0,1729406,36678892623227,36678892623227,0,36678893410771,36678893416711,36678893421391,36678893553959,36678909223227,36678893398279,16671100,16600000,36678892623227,-1,36678893691736,36678893998824,36678894036666,36678894291020,36678895580042,6388,183228,36678895580042,36678894512374,36678919722701,36678894291020,
0,1729413,36678909307426,36678909307426,0,36678910113977,36678910119633,36678910124312,36678910258671,36678925907426,36678910100875,16671765,16600000,36678909307426,-1,36678910404504,36678910703455,36678910743697,36678911008264,36678912623702,6755,149292,36678912623702,36678911194462,36678936380579,36678911008264,
0,1729420,36678925982242,36678925982242,0,36678927642013,36678927647262,36678927652307,36678927767623,36678942582242,36678927629480,16671535,16600000,36678925982242,-1,36678927893762,36678928232670,36678928261235,36678928514327,36678930985966,6144,187256,36678930985966,36678928740198,36678953164229,36678928514327,
0,1729427,36678942649931,36678942649931,0,36678943793909,36678943798873,36678943803512,36678943911666,36678959249931,36678943782434,16670631,16600000,36678942649931,-1,36678944135258,36678944542891,36678944578088,36678944854822,36678947071619,8179,158081,36678947071619,36678945054244,36678969722498,36678944854822,
0,1729434,36678959312594,36678959312594,0,36678960222416,36678960227787,36678960232304,36678960362187,36678975912594,36678960209640,16670261,16600000,36678959312594,-1,36678960500452,36678960812911,36678960850224,36678961143477,36678962781946,8016,192301,36678962781946,36678961376998,36678986386723,36678961143477,
0,1729441,36678975977292,36678975977292,0,36678976810470,36678976815881,36678976820601,36678976945276,36678992577292,36678976798466,16673405,16600000,36678975977292,-1,36678977085657,36678977393477,36678977430383,36678977710006,36678979428430,7650,187947,36678979428430,36678977941695,36679003066777,36678977710006,
0,1729448,36678992686691,36678992686691,0,36678993145715,36678993146611,36678993147343,36678993181279,36679009286691,36678993142582,16672757,16600000,36678992686691,-1,36678993220016,36678993990767,36678994105473,36678995227462,36678996167810,23682,641154,36678996167810,36678996116419,36679019735722,36678995227462,
0,1729455,36679009348362,36679009348362,0,36679010100265,36679010107263,36679010112065,36679010238163,36679025948362,36679010088302,16671352,16600000,36679009348362,-1,36679010378422,36679011590824,36679011779179,36679013672408,36679015014327,26164,871419,36679015014327,36679014737105,36679036394576,36679013672408,
0,1729462,36679026003674,36679026003674,0,36679026734461,36679026739710,36679026744308,36679026864221,36679042603674,36679026722335,16670010,16600000,36679026003674,-1,36679026997156,36679027824264,36679027942061,36679029653853,36679030781498,20304,962524,36679030486576,36679030781498,36679053067509,36679029653853,
0,1729469,36679042661224,36679042661224,0,36679043391239,36679043396407,36679043400924,36679043517623,36679059261224,36679043379155,16668440,16600000,36679042661224,-1,36679043643193,36679044793176,36679045030522,36679046310185,36679047435185,23844,973267,36679046968632,36679047435185,36679069737838,36679046310185,
0,1729476,36679059316817,36679059316817,0,36679060122726,36679060128137,36679060132817,36679060251998,36679075916817,36679060110803,16667307,16600000,36679059316817,-1,36679060379806,36679061936243,36679062050541,36679063816288,36679065632288,25797,707723,36679065632288,36679064733158,36679086411910,36679063816288,
0,1729483,36679075973969,36679075973969,0,36679076774296,36679076780237,36679076784713,36679076898686,36679092573969,36679076762903,16666631,16600000,36679075973969,-1,36679077027389,36679078718958,36679078829797,36679080333907,36679082499516,19734,606160,36679082499516,36679081046798,36679103080855,36679080333907,
0,1729491,36679092635393,36679092635393,0,36679093360152,36679093365442,36679093370040,36679093481816,36679109235393,36679093348718,16666708,16600000,36679092635393,-1,36679093604903,36679095186609,36679095294967,36679096602503,36679099822026,20019,712891,36679099822026,36679097604700,36679119755538,36679096602503,
0,1729498,36679109302974,36679109302974,0,36679110051843,36679110058028,36679110062586,36679110178308,36679125902974,36679110039352,16667049,16600000,36679109302974,-1,36679110307174,36679111519373,36679111742436,36679113361576,36679114631881,24292,1079712,36679114215947,36679114631881,36679136429854,36679113361576,
0,1729505,36679125973881,36679125973881,0,36679126712325,36679126717615,36679126722131,36679126836267,36679142573881,36679126699467,16666624,16600000,36679125973881,-1,36679126963505,36679128563399,36679128638717,36679129789474,36679133162643,13591,184978,36679133162643,36679130032922,36679153098596,36679129789474,
0,1729513,36679142638921,36679142638921,0,36679143434086,36679143439498,36679143444055,36679143572677,36679159238921,36679143421554,16666491,16600000,36679142638921,-1,36679143710250,36679144055912,36679144102299,36679144386397,36679146104415,7080,146606,36679146104415,36679144568933,36679169771611,36679144386397,
0,1729521,36679159307061,36679159307061,0,36679160218469,36679160224125,36679160228764,36679160355798,36679175907061,36679160204838,16666024,16600000,36679159307061,-1,36679160493860,36679160911463,36679160963993,36679161267297,36679165271244,7406,161296,36679165271244,36679161474532,36679186459762,36679161267297,
0,1729529,36679175973397,36679175973397,0,36679176726729,36679176732385,36679176737472,36679176880904,36679192573397,36679176713261,16666791,16600000,36679175973397,-1,36679177036178,36679178374801,36679178504521,36679180271570,36679181750818,24821,517578,36679181750818,36679181326095,36679203117477,36679180271570,
0,1729536,36679192648881,36679192648881,0,36679193459558,36679193465784,36679193470423,36679193627812,36679209248881,36679193443933,16670971,16600000,36679192648881,-1,36679193804977,36679195027348,36679195153650,36679197470097,36679198496505,23030,661743,36679198496505,36679198303634,36679219788578,36679197470097,
0,1729543,36679209352350,36679209352350,0,36679211475468,36679211485396,36679211490279,36679211699264,36679225952350,36679211452560,16671705,16600000,36679209352350,-1,36679211919926,36679213268884,36679213481165,36679215323165,36679216484868,29419,1014567,36679216240117,36679216484868,36679236480921,36679215323165,
0,1729550,36679226032077,36679226032077,0,36679226937830,36679226943893,36679226948653,36679227141280,36679242632077,36679226922408,16672192,16600000,36679226032077,-1,36679227306889,36679228638880,36679228747563,36679230921187,36679235815637,21321,613485,36679235815637,36679231832768,36679253128341,36679230921187,
0,1729557,36679242707594,36679242707594,0,36679243702844,36679243709273,36679243713912,36679243866826,36679259307594,36679243687138,16672598,16600000,36679242707594,-1,36679244132532,36679244460860,36679244498743,36679244822433,36679246381718,8178,173136,36679246381718,36679245037358,36679269793380,36679244822433,
0,1729564,36679259382523,36679259382523,0,36679260756922,36679260762496,36679260766809,36679260905847,36679275982523,36679260743535,16673268,16600000,36679259382523,-1,36679261055383,36679261343795,36679261382573,36679261665735,36679264330286,7976,179118,36679264330286,36679261882451,36679286484257,36679261665735,
0,1729571,36679276062750,36679276062750,0,36679276795618,36679276800786,36679276805465,36679276935470,36679292662750,36679276782394,16672878,16600000,36679276062750,-1,36679277080123,36679277983199,36679278111617,36679279115239,36679279764612,22338,488485,36679279764612,36679279746546,36679303146163,36679279115239,
0,1729578,36679292730781,36679292730781,0,36679293571985,36679293577519,36679293582239,36679293806604,36679309330781,36679293558679,16672166,16600000,36679292730781,-1,36679293962081,36679294864791,36679295015955,36679295914026,36679298133915,26041,604085,36679298133915,36679296602706,36679319896692,36679295914026,
0,1729585,36679309395312,36679309395312,0,36679310346969,36679310353357,36679310358036,36679310497319,36679325995312,36679310332727,16672334,16600000,36679309395312,-1,36679310656214,36679311715458,36679311828373,36679313438399,36679315013229,25065,1052694,36679315013229,36679314771367,36679336493779,36679313438399,
0,1729592,36679326069603,36679326069603,0,36679326687708,36679326691533,36679326693730,36679326807255,36679342669603,36679326678023,16671916,16600000,36679326069603,-1,36679327107833,36679327729334,36679327828658,36679328774459,36679331219934,18636,596028,36679331219934,36679329523482,36679353146367,36679328774459,
0,1729599,36679342737741,36679342737741,0,36679343830611,36679343836389,36679343840784,36679343992232,36679359337741,36679343713668,16674632,16600000,36679342737741,-1,36679344272221,36679345007573,36679345124435,36679346171228,36679346896651,25106,563843,36679346574060,36679346896651,36679369800908,36679346171228,
0,1729606,36679359441973,36679359441973,0,36679360762984,36679360769454,36679360774500,36679361029708,36679376041973,36679360748092,16674032,16600000,36679359441973,-1,36679361208175,36679361982752,36679362112553,36679363163985,36679365377975,27181,552124,36679365377975,36679363854130,36679386490483,36679363163985,
0,1729613,36679376108267,36679376108267,0,36679376860437,36679376866826,36679376871546,36679377050826,36679392708267,36679376844121,16672538,16600000,36679376108267,-1,36679377256026,36679378222579,36679378381881,36679379464400,36679382863530,29093,719727,36679382863530,36679380336064,36679403146774,36679379464400,
0,1729620,36679392764721,36679392764721,0,36679393399744,36679393401534,36679393402796,36679393465784,36679409364721,36679393393518,16670532,16600000,36679392764721,-1,36679393537073,36679394508915,36679394683150,36679395753178,36679400294316,25350,642945,36679400294316,36679396495081,36679419814946,36679395753178,
0,1729627,36679409414772,36679409414772,0,36679410272302,36679410277958,36679410282719,36679410425012,36679426014772,36679410258834,16670178,16600000,36679409414772,-1,36679410575362,36679411829065,36679411984135,36679412748499,36679416567387,104858,391113,36679416567387,36679413224858,36679436649174,36679412748499,
0,1729634,36679426080636,36679426080636,0,36679426978235,36679427196415,36679427202153,36679427419763,36679442680636,36679426958256,16668804,16600000,36679426080636,-1,36679427650476,36679428722498,36679428913294,36679430327560,36679435563888,30884,703898,36679435563888,36679431402755,36679453247970,36679430327560,
0,1729641,36679442736691,36679442736691,0,36679443744837,36679443751184,36679443755660,36679443931564,36679459336691,36679443729090,16667485,16600000,36679442736691,-1,36679444247278,36679444993494,36679445175786,36679446835779,36679451408004,22339,649576,36679451408004,36679447644169,36679469817794,36679446835779,
0,1729648,36679459393025,36679459393025,0,36679460279098,36679460284306,36679460288782,36679460439132,36679475993025,36679460266443,16673593,16600000,36679459393025,-1,36679460602462,36679461520105,36679461901616,36679463633793,36679467431848,25756,892456,36679467431848,36679464682337,36679486467615,36679463633793,
0,1729655,36679476131739,36679476131739,0,36679476697473,36679476702275,36679476705815,36679476822067,36679492731739,36679476686731,16675039,16600000,36679476131739,-1,36679477114669,36679477848678,36679477976485,36679479131352,36679481242110,24821,516643,36679481242110,36679479933883,36679503143071,36679479131352,
0,1729662,36679492822112,36679492822112,0,36679493635706,36679493640629,36679493644007,36679493763473,36679509422112,36679493624394,16671850,16600000,36679492822112,-1,36679493899866,36679494784998,36679494915613,36679495947758,36679500825729,26000,678548,36679500825729,36679497065353,36679519856124,36679495947758,
0,1729669,36679509460517,36679509460517,0,36679510275232,36679510279871,36679510283330,36679510405318,36679526060517,36679510264246,16669300,16600000,36679509460517,-1,36679510527592,36679511257207,36679511381962,36679512638310,36679517701095,24089,535359,36679517701095,36679513322270,36679536476119,36679512638310,
0,1729676,36679526100917,36679526100917,0,36679527044519,36679527053146,36679527056686,36679527217249,36679542700917,36679527029464,16667351,16600000,36679526100917,-1,36679527374394,36679528507125,36679528626673,36679529906376,36679531236902,28971,671590,36679531236902,36679530822311,36679553149866,36679529906376,
0,1729683,36679542747489,36679542747489,0,36679543570642,36679543577438,36679543582076,36679543748336,36679559347489,36679543556075,16666791,16600000,36679542747489,-1,36679544225183,36679544912195,36679545086389,36679545992192,36679547607915,26448,454915,36679547607915,36679546577600,36679569852299,36679545992192,
0,1729690,36679559411886,36679559411886,0,36679560921839,36679560926803,36679560931197,36679561046228,36679576011886,36679560908818,16667680,16600000,36679559411886,-1,36679561172164,36679561981897,36679562316980,36679563339116,36679565303105,24088,993368,36679565303105,36679564733850,36679586514734,36679563339116,
0,1729697,36679576080732,36679576080732,0,36679576784184,36679576789189,36679576793746,36679576905888,36679592680732,36679576772750,16665526,16600000,36679576080732,-1,36679577076909,36679578451258,36679578546676,36679579888066,36679583237879,21932,843710,36679583237879,36679580839970,36679603158167,36679579888066,
0,1729705,36679592727567,36679592727567,0,36679593585332,36679593591191,36679593595748,36679593727096,36679609327567,36679593572880,16664356,16600000,36679592727567,-1,36679593871586,36679594991012,36679595220992,36679596600509,36679597648238,19613,287598,36679597648238,36679596989181,36679619925297,36679596600509,
0,1729713,36679609387401,36679609387401,0,36679610230799,36679610236048,36679610240646,36679610366948,36679625987401,36679610218673,16663705,16600000,36679609387401,-1,36679610500778,36679611608606,36679611764897,36679612775314,36679614468063,21200,486328,36679614468063,36679613313033,36679636516769,36679612775314,
0,1729721,36679626049905,36679626049905,0,36679627348474,36679627355148,36679627360030,36679627514531,36679642649905,36679627332931,16661519,16600000,36679626049905,-1,36679627688522,36679628569056,36679628685470,36679629886235,36679631026127,25228,275513,36679631026127,36679630214279,36679653196049,36679629886235,
0,1729729,36679642696754,36679642696754,0,36679643491256,36679643496302,36679643500737,36679643618697,36679659296754,36679643478724,16663187,16600000,36679642696754,-1,36679643754806,36679644717086,36679644840052,36679646449956,36679648712854,25554,2100098,36679647601892,36679648712854,36679669844405,36679646449956,
0,1729737,36679659388462,36679659388462,0,36679660406254,36679660412399,36679660416956,36679660558964,36679675988462,36679660392298,16663776,16600000,36679659388462,-1,36679660709111,36679661559209,36679661714563,36679663021082,36679664311569,26775,614543,36679664311569,36679663750981,36679686532760,36679663021082,
0,1729745,36679676058913,36679676058913,0,36679677239588,36679677247278,36679677252690,36679677477544,36679692658913,36679677219080,16668971,16600000,36679676058913,-1,36679677701583,36679679102788,36679679250045,36679680769088,36679681888229,28321,708008,36679681888229,36679681650924,36679703212854,36679680769088,
0,1729752,36679692768315,36679692768315,0,36679693941655,36679693945642,36679693948776,36679694054000,36679709368315,36679693931849,16671955,16600000,36679692768315,-1,36679694165735,36679695035120,36679695171228,36679695933354,36679696774337,22990,707805,36679696635909,36679696774337,36679719852381,36679695933354,
0,1729759,36679709458615,36679709458615,0,36679710469731,36679710475021,36679710478479,36679710626917,36679726058615,36679710458053,16671040,16600000,36679709458615,-1,36679710783167,36679712400476,36679712546879,36679713491582,36679718592249,24170,190918,36679718592249,36679713733525,36679736545577,36679713491582,
0,1729766,36679726122018,36679726122018,0,36679727243291,36679727247726,36679727250900,36679727532963,36679742722018,36679727233118,16670585,16600000,36679726122018,-1,36679727713221,36679728047083,36679728078129,36679728353724,36679732733851,6267,179362,36679732733851,36679728574956,36679753230351,36679728353724,
0,1729773,36679742790178,36679742790178,0,36679743550135,36679743554082,36679743557133,36679743652755,36679759390178,36679743541427,16669727,16600000,36679742790178,-1,36679743757044,36679744077072,36679744110763,36679744358444,36679748651453,5900,164836,36679748651453,36679744558964,36679769879318,36679744358444,
0,1729780,36679759450179,36679759450179,0,36679760368779,36679760373947,36679760378056,36679760493820,36679776050179,36679760358606,16669755,16600000,36679759450179,-1,36679760620935,36679761569869,36679761723759,36679762726852,36679766358077,27059,1022868,36679766358077,36679763916793,36679786526657,36679762726852,
0,1729787,36679776121102,36679776121102,0,36679777253219,36679777258671,36679777263269,36679777562871,36679792721102,36679777240076,16669334,16600000,36679776121102,-1,36679777707605,36679778542851,36679778697067,36679780190800,36679783645716,25309,830566,36679783645716,36679781186935,36679803214360,36679780190800,
0,1729794,36679792790476,36679792790476,0,36679793911056,36679793916875,36679793921391,36679794041102,36679809390476,36679793898605,16669296,16600000,36679792790476,-1,36679794179529,36679795117355,36679795237309,36679796502853,36679797785486,24740,475749,36679797785486,36679797067550,36679819852544,36679796502853,
0,1729801,36679809459033,36679809459033,0,36679810271489,36679810277186,36679810281987,36679810420944,36679826059033,36679810258427,16668133,16600000,36679809459033,-1,36679810573450,36679811405441,36679811572189,36679812665817,36679813502609,24048,523803,36679813502609,36679813337610,36679836565271,36679812665817,
0,1729808,36679826115646,36679826115646,0,36679826955408,36679826960901,36679826965581,36679827100713,36679842715646,36679826942306,16666640,16600000,36679826115646,-1,36679827247807,36679828405075,36679828750208,36679830226933,36679831761683,23722,1373128,36679831281621,36679831761683,36679853219975,36679830226933,
0,1729816,36679842772811,36679842772811,0,36679843640304,36679843645879,36679843650477,36679843790084,36679859372811,36679843627812,16665969,16600000,36679842772811,-1,36679843932540,36679845194869,36679845336023,36679846599207,36679850462081,18148,592326,36679850462081,36679847331710,36679869878056,36679846599207,
0,1729824,36679859431176,36679859431176,0,36679860215092,36679860219609,36679860223027,36679860320602,36679876031176,36679860204472,16668673,16600000,36679859431176,-1,36679860474573,36679861639572,36679861762008,36679862948735,36679866825037,16642,518311,36679866825037,36679863607589,36679886563278,36679862948735,
0,1729831,36679876123437,36679876123437,0,36679876902796,36679876907638,36679876911097,36679877008875,36679892723437,36679876893315,16668894,16600000,36679876123437,-1,36679877119349,36679877732345,36679877813562,36679878582972,36679880815516,16032,384725,36679880815516,36679879080083,36679903245976,36679878582972,
0,1729838,36679892794197,36679892794197,0,36679893410446,36679893415247,36679893418828,36679893524215,36679909394197,36679893399907,16667785,16600000,36679892794197,-1,36679893640996,36679894062423,36679894092412,36679894363245,36679896898361,7813,154704,36679896898361,36679894556238,36679919911259,36679894363245,
0,1729845,36679909453133,36679909453133,0,36679910095382,36679910100143,36679910103642,36679910219772,36679926053133,36679910084843,16668141,16600000,36679909453133,-1,36679910346847,36679910615890,36679910657597,36679910911788,36679912225265,6307,164306,36679912225265,36679911113245,36679936604782,36679910911788,
0,1729852,36679926125725,36679926125725,0,36679926920415,36679926925013,36679926928553,36679927046635,36679942725725,36679926909347,16669510,16600000,36679926125725,-1,36679927176681,36679927550542,36679927595586,36679927912968,36679932711471,7731,186646,36679932711471,36679928136032,36679953245895,36679927912968,
0,1729859,36679942808157,36679942808157,0,36679943592981,36679943598190,36679943602747,36679943720138,36679959408157,36679943580734,16669361,16600000,36679942808157,-1,36679943852177,36679944198613,36679944230677,36679944502568,36679945817387,6917,201294,36679945817387,36679944740076,36679969939295,36679944502568,
0,1729866,36679959478315,36679959478315,0,36679961383794,36679961388961,36679961393437,36679961505376,36679976078315,36679961371302,16671039,16600000,36679959478315,-1,36679961629074,36679961903203,36679961931116,36679962173548,36679965573043,6591,152506,36679965573043,36679962362553,36679986602218,36679962173548,
0,1729873,36679976165856,36679976165856,0,36679976953577,36679976958257,36679976961919,36679977064214,36679992765856,36679976942957,16672143,16600000,36679976165856,-1,36679977177983,36679977930831,36679978040776,36679979136927,36679980032597,21566,597981,36679980032597,36679979877039,36680003264572,36679979136927,
0,1729880,36679992844306,36679992844306,0,36679993828577,36679993834111,36679993838709,36679993960291,36680009444306,36679993815231,16673362,16600000,36679992844306,-1,36679994092615,36679995120285,36679995224085,36679996772018,36679997618413,24699,434611,36679997618413,36679997371709,36680019895960,36679996772018,
0,1729887,36680009527551,36680009527551,0,36680010340459,36680010345708,36680010350265,36680010542770,36680026127551,36680010327763,16673139,16600000,36680009527551,-1,36680010799402,36680011451014,36680011558843,36680012623947,36680016074996,17659,355184,36680016074996,36680013082361,36680036570236,36680012623947,
0,1729894,36680026198396,36680026198396,0,36680026974004,36680026979171,36680026983688,36680027093755,36680042798396,36680026961878,16673178,16600000,36680026198396,-1,36680027221928,36680028293014,36680028403691,36680029583257,36680030366338,24088,638956,36680030214360,36680030366338,36680053232996,36680029583257,
0,1729901,36680042869617,36680042869617,0,36680043609054,36680043614751,36680043619308,36680043729334,36680059469617,36680043596888,16670214,16600000,36680042869617,-1,36680043855433,36680045027918,36680045192021,36680046145268,36680050110600,24536,658000,36680050110600,36680046951705,36680069908248,36680046145268,
0,1729908,36680059511744,36680059511744,0,36680060363042,36680060368291,36680060372848,36680060487960,36680076111744,36680060350509,16669333,16600000,36680059511744,-1,36680060611536,36680061479456,36680061585739,36680062594039,36680063420781,22787,520914,36680063420781,36680063262903,36680086580327,36680062594039,
0,1729915,36680076170455,36680076170455,0,36680076959477,36680076964808,36680076969324,36680077088099,36680092770455,36680076946782,16667724,16600000,36680076170455,-1,36680077222864,36680078060023,36680078169723,36680079199956,36680080507573,22583,542765,36680080507573,36680079895472,36680103232549,36680079199956,
0,1729922,36680092822921,36680092822921,0,36680093608037,36680093613164,36680093617721,36680093728642,36680109422921,36680093596115,16665963,16600000,36680092822921,-1,36680093855880,36680094987757,36680095087733,36680096000371,36680096888473,21728,623087,36680096859461,36680096888473,36680119910080,36680096000371,
0,1729930,36680109475375,36680109475375,0,36680110255498,36680110260869,36680110265386,36680110378219,36680126075375,36680110243535,16665043,16600000,36680109475375,-1,36680110504155,36680111345138,36680111454472,36680112603235,36680113893152,23925,657186,36680113893152,36680113374761,36680136585820,36680112603235,
0,1729938,36680126134722,36680126134722,0,36680126928471,36680126933924,36680126938441,36680127057296,36680142734722,36680126916061,16664810,16600000,36680126134722,-1,36680127192225,36680128180140,36680128335942,36680129488367,36680130255457,25228,602173,36680130213424,36680130255457,36680153242599,36680129488367,
0,1729946,36680142796893,36680142796893,0,36680143691899,36680143697596,36680143702072,36680143835250,36680159396893,36680143679326,16664525,16600000,36680142796893,-1,36680143976364,36680144874435,36680144985967,36680146226486,36680147173304,23885,577637,36680147173304,36680146962244,36680169925054,36680146226486,
0,1729954,36680159460512,36680159460512,0,36680160353561,36680160359258,36680160363815,36680160486902,36680176060512,36680160341069,16664499,16600000,36680159460512,-1,36680160622238,36680161658655,36680161789433,36680162609909,36680163517501,22339,454671,36680163517501,36680163189254,36680186588343,36680162609909,
0,1729962,36680176127526,36680176127526,0,36680176992436,36680176997889,36680177002365,36680177152348,36680192727526,36680176979375,16665137,16600000,36680176127526,-1,36680177315882,36680177702641,36680177758346,36680178104782,36680179571823,9399,203084,36680179571823,36680178357630,36680203267379,36680178104782,
0,1729970,36680192798354,36680192798354,0,36680193658208,36680193664718,36680193668421,36680193826095,36680209398354,36680193643519,16665471,16600000,36680192798354,-1,36680193994959,36680194369756,36680194413823,36680194831466,36680196335495,8056,212565,36680196335495,36680195089848,36680219891972,36680194831466,
0,1729978,36680209469321,36680209469321,0,36680210190190,36680210195480,36680210198939,36680210327804,36680226069321,36680210178960,16666653,16600000,36680209469321,-1,36680210466517,36680210843348,36680210872482,36680211165125,36680212821375,7365,174886,36680212821375,36680211383957,36680236654057,36680211165125,
0,1729986,36680226146453,36680226146453,0,36680226892461,36680226897791,36680226901209,36680227039067,36680242746453,36680226880376,16669436,16600000,36680226146453,-1,36680227189092,36680227472824,36680227521774,36680227780766,36680229121465,7283,140136,36680229121465,36680227956141,36680253272181,36680227780766,
0,1729993,36680242837941,36680242837941,0,36680243819585,36680243826584,36680243830612,36680244126470,36680259437941,36680243804123,16668194,16600000,36680242837941,-1,36680244392013,36680245088668,36680245173345,36680245912643,36680248230758,20427,531983,36680248230758,36680246563685,36680269904261,36680245912643,
0,1730000,36680259492060,36680259492060,0,36680260326990,36680260332687,36680260336024,36680260539352,36680276092060,36680260315475,16670542,16600000,36680259492060,-1,36680260700159,36680261517501,36680261594894,36680262368698,36680264736414,20915,440470,36680264736414,36680262931361,36680286560755,36680262368698,
0,1730007,36680276188434,36680276188434,0,36680277192469,36680277195277,36680277197474,36680277287358,36680292788434,36680277184372,16670487,16600000,36680276188434,-1,36680277381719,36680278519617,36680278610316,36680279332321,36680281638880,19572,622070,36680281638880,36680280169642,36680303247645,36680279332321,
0,1730014,36680292857844,36680292857844,0,36680293405278,36680293406580,36680293407516,36680293449020,36680309457844,36680293401168,16669098,16600000,36680292857844,-1,36680293500819,36680294162562,36680294270472,36680295142583,36680297334477,22339,444458,36680297334477,36680295706019,36680319894414,36680295142583,
0,1730021,36680309511200,36680309511200,0,36680310195806,36680310200200,36680310203740,36680310308924,36680326111200,36680310185552,16667776,16600000,36680309511200,-1,36680310425460,36680311184860,36680311298223,36680312148035,36680312801478,20752,428548,36680312801478,36680312697026,36680336599044,36680312148035,
0,1730028,36680326163558,36680326163558,0,36680326798711,36680326803227,36680326806645,36680326916794,36680342763558,36680326788294,16666701,16600000,36680326163558,-1,36680327027226,36680327594406,36680327678390,36680328463140,36680330000168,18311,388428,36680330000168,36680328964157,36680353237065,36680328463140,
0,1730035,36680342821172,36680342821172,0,36680343594609,36680343599980,36680343603439,36680343706263,36680359421172,36680343583297,16665822,16600000,36680342821172,-1,36680343823044,36680345123214,36680345268763,36680346520228,36680347339686,23560,699585,36680347142257,36680347339686,36680369919601,36680346520228,
0,1730043,36680359477032,36680359477032,0,36680360294967,36680360299443,36680360302943,36680360418177,36680376077032,36680360284347,16665671,16600000,36680359477032,-1,36680360535812,36680361527267,36680361678105,36680362598190,36680366258957,24210,576905,36680366258957,36680363312912,36680386638270,36680362598190,
0,1730051,36680376144517,36680376144517,0,36680377193730,36680377198898,36680377203618,36680377336756,36680392744517,36680377181523,16665327,16600000,36680376144517,-1,36680377476120,36680378300542,36680378390996,36680379218999,36680379763188,19206,424032,36680379551844,36680379763188,36680403271489,36680379218999,
0,1730059,36680392805944,36680392805944,0,36680393815109,36680393817998,36680393820114,36680393899826,36680409405944,36680393807256,16664948,16600000,36680392805944,-1,36680393987676,36680395401860,36680395518437,36680397172653,36680398399785,26123,1071696,36680397789718,36680398399785,36680420035731,36680397172653,
0,1730067,36680409469616,36680409469616,0,36680410735641,36680410740646,36680410744105,36680410858688,36680426069616,36680410724696,16666787,16600000,36680409469616,-1,36680410976405,36680411989832,36680412254399,36680414168055,36680415176030,20345,821859,36680414616704,36680415176030,36680436644211,36680414168055,
0,1730074,36680426158364,36680426158364,0,36680427137863,36680427144617,36680427149175,36680427313481,36680442758364,36680427123662,16667797,16600000,36680426158364,-1,36680427478114,36680430080897,36680430304001,36680432661300,36680433939377,32267,1078287,36680433720504,36680433939377,36680453318975,36680432661300,
0,1730081,36680442834968,36680442834968,0,36680443689743,36680443694544,36680443698084,36680443817225,36680459434968,36680443679204,16670620,16600000,36680442834968,-1,36680443941126,36680444730962,36680444822677,36680445693690,36680446409022,19165,478068,36680446409022,36680446292892,36680469993291,36680445693690,
0,1730088,36680459540432,36680459540432,0,36680460467046,36680460472498,36680460476201,36680460785242,36680476140432,36680460453374,16671135,16600000,36680459540432,-1,36680460921880,36680461661545,36680461779220,36680462825770,36680465001836,29012,494629,36680465001836,36680463470545,36680486595464,36680462825770,
0,1730095,36680476217405,36680476217405,0,36680477416590,36680477419276,36680477421392,36680477510055,36680492817405,36680477408493,16676626,16600000,36680476217405,-1,36680477609909,36680478580449,36680478813359,36680479818120,36680482513311,28687,564494,36680482513311,36680480486170,36680503298345,36680479818120,
0,1730102,36680492933902,36680492933902,0,36680493845789,36680493851689,36680493855677,36680493996383,36680509533902,36680493833297,16677111,16600000,36680492933902,-1,36680494149460,36680495701991,36680495801437,36680497958664,36680499165858,25554,991944,36680498753504,36680499165858,36680519923955,36680497958664,
0,1730109,36680509612595,36680509612595,0,36680510434412,36680510439458,36680510444056,36680510562057,36680526212595,36680510423019,16674030,16600000,36680509612595,-1,36680510692713,36680512178390,36680512267664,36680513263311,36680513874313,15300,515909,36680513776372,36680513874313,36680536623052,36680513263311,
0,1730116,36680526252885,36680526252885,0,36680527151779,36680527157638,36680527161219,36680527314173,36680542852885,36680527138473,16673019,16600000,36680526252885,-1,36680527477015,36680530118617,36680530294316,36680531803756,36680533418462,32064,916585,36680533418462,36680532969365,36680553292770,36680531803756,
0,1730123,36680542914172,36680542914172,0,36680544517705,36680544522140,36680544525518,36680544639409,36680559514172,36680544507736,16669170,16600000,36680542914172,-1,36680544750819,36680545495163,36680545650273,36680546566818,36680547633509,18270,667359,36680547633509,36680547386520,36680569988815,36680546566818,
0,1730130,36680559546735,36680559546735,0,36680560277837,36680560280400,36680560282313,36680560355555,36680576146735,36680560270269,16668087,16600000,36680559546735,-1,36680560442550,36680561288986,36680561401698,36680562312830,36680564254684,22379,599406,36680564254684,36680563072433,36680586676437,36680562312830,
0,1730137,36680576205114,36680576205114,0,36680577356532,36680577362065,36680577366501,36680577583216,36680592805114,36680577340011,16665651,16600000,36680576205114,-1,36680577718877,36680578504318,36680578668828,36680579596847,36680581364792,28605,593994,36680581364792,36680580340011,36680603324875,36680579596847,
0,1730145,36680592853281,36680592853281,0,36680594099736,36680594105352,36680594109909,36680594265589,36680609453281,36680594086838,16664677,16600000,36680592853281,-1,36680594410283,36680595216151,36680595319097,36680596528407,36680597265304,26286,579142,36680597104294,36680597265304,36680619974126,36680596528407,
0,1730153,36680609516462,36680609516462,0,36680610431646,36680610437668,36680610442144,36680610584193,36680626116462,36680610419967,16666389,16600000,36680609516462,-1,36680610733973,36680611505050,36680611649175,36680613014287,36680613922490,22705,773681,36680613527837,36680613922490,36680636685633,36680613014287,
0,1730161,36680626202573,36680626202573,0,36680627120366,36680627126388,36680627131678,36680627281377,36680642802573,36680627106532,16665612,16600000,36680626202573,-1,36680627441289,36680630402756,36680630575689,36680631747401,36680633198451,209554,1113322,36680633129318,36680633198451,36680653316248,36680631747401,
0,1730169,36680642866307,36680642866307,0,36680643674850,36680643678838,36680643681768,36680643787684,36680659466307,36680643665858,16665766,16600000,36680642866307,-1,36680643896611,36680644925054,36680645119471,36680646459640,36680647094609,15462,508464,36680646623418,36680647094609,36680670035894,36680646459640,
0,1730177,36680659533817,36680659533817,0,36680660388107,36680660392135,36680660394943,36680660485438,36680676133817,36680660379969,16670354,16600000,36680659533817,-1,36680660579839,36680661148768,36680661253057,36680661871750,36680663444788,18474,636149,36680663444788,36680662805506,36680686659022,36680661871750,
0,1730184,36680676243007,36680676243007,0,36680677020350,36680677024134,36680677027064,36680677121546,36680692843007,36680677011886,16669836,16600000,36680676243007,-1,36680677227829,36680678322881,36680678443649,36680679636886,36680680306401,17131,541992,36680679857223,36680680306401,36680703319504,36680679636886,
0,1730191,36680692906974,36680692906974,0,36680693824834,36680693829269,36680693832362,36680693935633,36680709506974,36680693815801,16674394,16600000,36680692906974,-1,36680694040858,36680694666387,36680694815190,36680695433192,36680698850550,16520,333740,36680698850550,36680695854131,36680720035853,36680695433192,
0,1730198,36680709618044,36680709618044,0,36680710165410,36680710169398,36680710172409,36680710268234,36680726218044,36680710157272,16672713,16600000,36680709618044,-1,36680710367315,36680710847743,36680710917689,36680711661301,36680713961268,17904,382080,36680713961268,36680712143193,36680736683314,36680711661301,
0,1730205,36680726274038,36680726274038,0,36680726965744,36680726969732,36680726972702,36680727065272,36680742874038,36680726956914,16671995,16600000,36680726274038,-1,36680727163010,36680727890386,36680727974614,36680728949631,36680729823410,17131,781372,36680729570114,36680729823410,36680753321620,36680728949631,
0,1730212,36680742935647,36680742935647,0,36680743693161,36680743696945,36680743700038,36680743786870,36680759535647,36680743684657,16671174,16600000,36680742935647,-1,36680743883021,36680745211960,36680745286911,36680746386846,36680749736292,17456,532227,36680749736292,36680747044235,36680770018071,36680746386846,
0,1730219,36680759603838,36680759603838,0,36680760690597,36680760694626,36680760697718,36680760793299,36680776203838,36680760681401,16670305,16600000,36680759603838,-1,36680760896408,36680761485723,36680761564133,36680762253952,36680764162155,13427,422444,36680764162155,36680762778814,36678786362797,36680762253952,
0,1730226,36680776267272,36680776267272,0,36680776857630,36680776862757,36680776867355,36680776973231,36680792867272,36680776845789,16668063,16600000,36680776267272,-1,36680777079839,36680777664841,36680777743535,36680778483241,36680778968877,15259,376465,36680778968877,36680778955409,36678803023197,36680778483241,
0,1730233,36680792915044,36680792915044,0,36680793596725,36680793600632,36680793603643,36680793684697,36680809515044,36680793588180,16668101,16600000,36680792915044,-1,36680793774378,36680794654546,36680794917811,36680795807337,36680796846400,17375,934733,36680796378464,36680796846400,36678819689620,36680795807337,
0,1730240,36680809584509,36680809584509,0,36680810446131,36680810450241,36680810453293,36680810548670,36680826184509,36680810437098,16670841,16600000,36680809584509,-1,36680810648768,36680811271327,36680811354945,36680812088180,36680813918950,16398,338582,36680813918950,36680812516973,36678836379602,36680812088180,
0,1730247,36680826282133,36680826282133,0,36680827186610,36680827190516,36680827193649,36680827290085,36680842882133,36680827177699,16671395,16600000,36680826282133,-1,36680827390060,36680827739059,36680827765508,36680828095261,36680829228887,5778,148356,36680829228887,36680828283127,36678853053349,36680828095261,
0,1730254,36680842958464,36680842958464,0,36680844375086,36680844382329,36680844387334,36680844605962,36680859558464,36680844358078,16671324,16600000,36680842958464,-1,36680844799037,36680845795700,36680845916875,36680847179774,36680847908656,30274,596639,36680847812383,36680847908656,36678869750411,36680847179774,
---PROFILEDATA---


View hierarchy:

  org.ultimatemaps.spike.maplibre/org.ultimatemaps.spike.MainActivity/android.view.ViewRootImpl@5304d77
  10 views, 17,58 kB of render nodes


Total ViewRootImpl   : 1
Total attached Views : 10
Total RenderNode     : 17,58 kB (used) / 56,80 kB (capacity)

