Applications Graphics Acceleration Info:
Uptime: 36647025 Realtime: 36647025

** Graphics info for pid 14122 [org.ultimatemaps.spike.maplibre] **

Stats since: 36639858004868ns
Total frames rendered: 178
Janky frames: 0 (0.00%)
Janky frames (legacy): 0 (0.00%)
50th percentile: 5ms
90th percentile: 5ms
95th percentile: 7ms
99th percentile: 11ms
Number Missed Vsync: 0
Number High input latency: 0
Number Slow UI thread: 0
Number Slow bitmap uploads: 0
Number Slow issue draw commands: 0
Number Frame deadline missed: 0
Number Frame deadline missed (legacy): 0
HISTOGRAM: 5ms=162 6ms=3 7ms=6 8ms=2 9ms=0 10ms=3 11ms=1 12ms=0 13ms=0 14ms=1 15ms=0 16ms=0 17ms=0 18ms=0 19ms=0 20ms=0 21ms=0 22ms=0 23ms=0 24ms=0 25ms=0 26ms=0 27ms=0 28ms=0 29ms=0 30ms=0 31ms=0 32ms=0 34ms=0 36ms=0 38ms=0 40ms=0 42ms=0 44ms=0 46ms=0 48ms=0 53ms=0 57ms=0 61ms=0 65ms=0 69ms=0 73ms=0 77ms=0 81ms=0 85ms=0 89ms=0 93ms=0 97ms=0 101ms=0 105ms=0 109ms=0 113ms=0 117ms=0 121ms=0 125ms=0 129ms=0 133ms=0 150ms=0 200ms=0 250ms=0 300ms=0 350ms=0 400ms=0 450ms=0 500ms=0 550ms=0 600ms=0 650ms=0 700ms=0 750ms=0 800ms=0 850ms=0 900ms=0 950ms=0 1000ms=0 1050ms=0 1100ms=0 1150ms=0 1200ms=0 1250ms=0 1300ms=0 1350ms=0 1400ms=0 1450ms=0 1500ms=0 1550ms=0 1600ms=0 1650ms=0 1700ms=0 1750ms=0 1800ms=0 1850ms=0 1900ms=0 1950ms=0 2000ms=0 2050ms=0 2100ms=0 2150ms=0 2200ms=0 2250ms=0 2300ms=0 2350ms=0 2400ms=0 2450ms=0 2500ms=0 2550ms=0 2600ms=0 2650ms=0 2700ms=0 2750ms=0 2800ms=0 2850ms=0 2900ms=0 2950ms=0 3000ms=0 3050ms=0 3100ms=0 3150ms=0 3200ms=0 3250ms=0 3300ms=0 3350ms=0 3400ms=0 3450ms=0 3500ms=0 3550ms=0 3600ms=0 3650ms=0 3700ms=0 3750ms=0 3800ms=0 3850ms=0 3900ms=0 3950ms=0 4000ms=0 4050ms=0 4100ms=0 4150ms=0 4200ms=0 4250ms=0 4300ms=0 4350ms=0 4400ms=0 4450ms=0 4500ms=0 4550ms=0 4600ms=0 4650ms=0 4700ms=0 4750ms=0 4800ms=0 4850ms=0 4900ms=0 4950ms=0
50th gpu percentile: 2ms
90th gpu percentile: 5ms
95th gpu percentile: 6ms
99th gpu percentile: 10ms
GPU HISTOGRAM: 1ms=64 2ms=63 3ms=26 4ms=7 5ms=7 6ms=4 7ms=2 8ms=1 9ms=2 10ms=1 11ms=1 12ms=0 13ms=0 14ms=0 15ms=0 16ms=0 17ms=0 18ms=0 19ms=0 20ms=0 21ms=0 22ms=0 23ms=0 24ms=0 25ms=0 4950ms=0

Pipeline=Skia (Vulkan)
Memory policy:
  Max surface area: 2592000
  Max resource usage: 124.42MB (x48)
  Background retention: 50% (altUiHidden = true)
  GPU Context timeout: 10
Contexts: 1 (stopped = 0)
CPU Caches:
  Glyph Cache: 24.65 KB (1 entry)
  Glyph Count: 1 
Total CPU memory usage:
  25243 bytes, 24.65 KB (0.00 bytes is purgeable)
GPU Caches:
  Other:
    Other: 0.00 bytes (1 entry)
  Image:
    Surface: 65.96 KB (2 entries)
  Scratch:
    Buffer Object: 32.00 KB (1 entry)
    Surface: 98.88 MB (22 entries)
Layer Info:
    VkLayer size 1080x2400
  Layers Total         10125.00 KB (numLayers = 1)
Total GPU memory usage:
  103780304 bytes, 98.97 MB (0.00 bytes is purgeable)
Pipeline Cache: inactiveTextureView: 1080x2400

GraphicBufferAllocator buffers:
            Handle |         Size |     W (Stride) x H | Layers |   Format |      Usage | Requestor
0xb400007b0bdd5b90 | 10200.00 KiB | 1080 (1088) x 2400 |      1 |        1 | 0x     300 | SurfaceTexture-0-14122-0
0xb400007b0be7c710 | 10200.00 KiB | 1080 (1088) x 2400 |      1 |        1 | 0x     300 | SurfaceTexture-0-14122-0
0xb400007b0be7d370 | 10200.00 KiB | 1080 (1088) x 2400 |      1 |        1 | 0x     b00 | VRI[MainActivity]#0(BLAST Consumer)0
0xb400007b0be7dbb0 | 10200.00 KiB | 1080 (1088) x 2400 |      1 |        1 | 0x     300 | SurfaceTexture-0-14122-0
0xb400007b0be7e130 | 10200.00 KiB | 1080 (1088) x 2400 |      1 |        1 | 0x     b00 | VRI[MainActivity]#0(BLAST Consumer)0
0xb400007b0be7ead0 | 10200.00 KiB | 1080 (1088) x 2400 |      1 |        1 | 0x     300 | SurfaceTexture-0-14122-0
0xb400007b0be7f5d0 | 10200.00 KiB | 1080 (1088) x 2400 |      1 |        1 | 0x     300 | SurfaceTexture-0-14122-0
0xb400007b0be7fcb0 | 10200.00 KiB | 1080 (1088) x 2400 |      1 |        1 | 0x     b00 | VRI[MainActivity]#0(BLAST Consumer)0
0xb400007b0be81570 | 10200.00 KiB | 1080 (1088) x 2400 |      1 |        1 | 0x     b00 | VRI[MainActivity]#0(BLAST Consumer)0
0xb400007b0be82070 | 10200.00 KiB | 1080 (1088) x 2400 |      1 |        1 | 0x     b00 | VRI[MainActivity]#0(BLAST Consumer)0
Total allocated by GraphicBufferAllocator (estimate): 102000.00 KB
Imported gralloc buffers:
Total imported by gralloc: 0KiB

Profile data in ms:

	org.ultimatemaps.spike.maplibre/org.ultimatemaps.spike.MainActivity/android.view.ViewRootImpl@5304d77 (visibility=0)
Window: org.ultimatemaps.spike.maplibre/org.ultimatemaps.spike.MainActivity
Stats since: 36639858002955ns
Total frames rendered: 178
Janky frames: 0 (0.00%)
Janky frames (legacy): 0 (0.00%)
50th percentile: 5ms
90th percentile: 5ms
95th percentile: 7ms
99th percentile: 11ms
Number Missed Vsync: 0
Number High input latency: 0
Number Slow UI thread: 0
Number Slow bitmap uploads: 0
Number Slow issue draw commands: 0
Number Frame deadline missed: 0
Number Frame deadline missed (legacy): 0
HISTOGRAM: 5ms=162 6ms=3 7ms=6 8ms=2 9ms=0 10ms=3 11ms=1 12ms=0 13ms=0 14ms=1 15ms=0 16ms=0 17ms=0 18ms=0 19ms=0 20ms=0 21ms=0 22ms=0 23ms=0 24ms=0 25ms=0 26ms=0 27ms=0 28ms=0 29ms=0 30ms=0 31ms=0 32ms=0 34ms=0 36ms=0 38ms=0 40ms=0 42ms=0 44ms=0 46ms=0 48ms=0 53ms=0 57ms=0 61ms=0 65ms=0 69ms=0 73ms=0 77ms=0 81ms=0 85ms=0 89ms=0 93ms=0 97ms=0 101ms=0 105ms=0 109ms=0 113ms=0 117ms=0 121ms=0 125ms=0 129ms=0 133ms=0 150ms=0 200ms=0 250ms=0 300ms=0 350ms=0 400ms=0 450ms=0 500ms=0 550ms=0 600ms=0 650ms=0 700ms=0 750ms=0 800ms=0 850ms=0 900ms=0 950ms=0 1000ms=0 1050ms=0 1100ms=0 1150ms=0 1200ms=0 1250ms=0 1300ms=0 1350ms=0 1400ms=0 1450ms=0 1500ms=0 1550ms=0 1600ms=0 1650ms=0 1700ms=0 1750ms=0 1800ms=0 1850ms=0 1900ms=0 1950ms=0 2000ms=0 2050ms=0 2100ms=0 2150ms=0 2200ms=0 2250ms=0 2300ms=0 2350ms=0 2400ms=0 2450ms=0 2500ms=0 2550ms=0 2600ms=0 2650ms=0 2700ms=0 2750ms=0 2800ms=0 2850ms=0 2900ms=0 2950ms=0 3000ms=0 3050ms=0 3100ms=0 3150ms=0 3200ms=0 3250ms=0 3300ms=0 3350ms=0 3400ms=0 3450ms=0 3500ms=0 3550ms=0 3600ms=0 3650ms=0 3700ms=0 3750ms=0 3800ms=0 3850ms=0 3900ms=0 3950ms=0 4000ms=0 4050ms=0 4100ms=0 4150ms=0 4200ms=0 4250ms=0 4300ms=0 4350ms=0 4400ms=0 4450ms=0 4500ms=0 4550ms=0 4600ms=0 4650ms=0 4700ms=0 4750ms=0 4800ms=0 4850ms=0 4900ms=0 4950ms=0
50th gpu percentile: 2ms
90th gpu percentile: 5ms
95th gpu percentile: 6ms
99th gpu percentile: 10ms
GPU HISTOGRAM: 1ms=64 2ms=63 3ms=26 4ms=7 5ms=7 6ms=4 7ms=2 8ms=1 9ms=2 10ms=1 11ms=1 12ms=0 13ms=0 14ms=0 15ms=0 16ms=0 17ms=0 18ms=0 19ms=0 20ms=0 21ms=0 22ms=0 23ms=0 24ms=0 25ms=0 4950ms=0



---PROFILEDATA---
Flags,FrameTimelineVsyncId,IntendedVsync,Vsync,InputEventId,HandleInputStart,AnimationStart,PerformTraversalsStart,DrawStart,FrameDeadline,FrameStartTime,FrameInterval,WorkloadTarget,AnimationTime,AnimationCounter,SyncQueued,SyncStart,IssueDrawCommandsStart,SwapBuffers,FrameCompleted,DequeueBufferDuration,QueueBufferDuration,GpuCompleted,SwapBuffersCompleted,DisplayPresentTime,CommandSubmissionCompleted,
0,1718595,36641085395153,36641085395153,0,36641086173854,36641086178452,36641086182277,36641086310939,36641101995153,36641086161037,16672550,16600000,36641085395153,-1,36641086469468,36641087102932,36641087170681,36641087834621,36641091839016,18758,565389,36641091839016,36641088525742,36641112458644,36641087834621,
0,1718602,36641102072474,36641102072474,0,36641103088283,36641103091254,36641103093410,36641103174546,36641118672474,36641103080878,16671573,16600000,36641102072474,-1,36641103262803,36641103927150,36641104071356,36641104739976,36641109880804,21484,456787,36641109880804,36641105290065,36641129129380,36641104739976,
0,1718609,36641118736387,36641118736387,0,36641119523911,36641119529567,36641119534654,36641119671128,36641135336387,36641119509833,16670602,16600000,36641118736387,-1,36641119819851,36641120709987,36641120841376,36641122610134,36641123843573,27669,993246,36641123843573,36641123765122,36641145822984,36641122610134,
0,1718616,36641135395985,36641135395985,0,36641136279852,36641136284776,36641136289862,36641136417629,36641151995985,36641136266750,16671098,16600000,36641135395985,-1,36641136557562,36641137438462,36641137534043,36641138512966,36641139340806,23479,544922,36641139340806,36641139204087,36641162585435,36641138512966,
0,1718623,36641602096381,36641602096381,-708292284,36641602552964,36641602554348,36641602554877,36641602599717,36641618696381,36641602548082,16668461,16600000,36641602096381,-1,36641602652859,36641602970770,36641603001817,36641603294419,36641604673488,11475,185181,36641604673488,36641603535223,36641629144558,36641603294419,
0,1718630,36641618764842,36641618764842,0,36641619971706,36641619979356,36641619982408,36641620423366,36641635364842,36641619955918,16666667,16600000,36641618764842,-1,36641620641791,36641621677191,36641621806057,36641622894192,36641624242458,27344,511801,36641624242458,36641623542019,36641645732937,36641622894192,
0,1718643,36641651926668,36641651926668,-364921837,36641652524807,36641652526475,36641652810492,36641652871405,36641668526668,36641652519843,16666667,16600000,36641651926668,-1,36641652944851,36641653417263,36641653465806,36641653892849,36641655522976,11271,299886,36641655522976,36641654274441,36641679081854,36641653892849,
0,1718650,36641668593335,36641668593335,0,36641669265977,36641669268947,36641669790106,36641669885118,36641685193335,36641669260321,16666667,16600000,36641668593335,-1,36641669999905,36641670580145,36641670631130,36641671030544,36641679738877,11800,260010,36641679738877,36641671346340,36641695765530,36641671030544,
0,1718657,36641685260002,36641685260002,0,36641686098252,36641686103583,36641686638210,36641686776068,36641701860002,36641686081122,16666667,16600000,36641685260002,-1,36641686918646,36641687411363,36641687467800,36641687950385,36641697498277,16887,366984,36641697498277,36641688392605,36641712452541,36641687950385,
0,1718664,36641701926669,36641701926669,0,36641702613023,36641702614651,36641702996242,36641703064398,36641718526669,36641702605617,16657571,16600000,36641701926669,-1,36641703132310,36641703585150,36641703638495,36641704138088,36641709898708,10864,320475,36641709898708,36641704537014,36641729086045,36641704138088,
0,1718672,36641718539141,36641718539141,0,36641719369900,36641719372463,36641719796861,36641719881537,36641735139141,36641719361395,16657571,16600000,36641718539141,-1,36641719969550,36641720585110,36641720665269,36641721090318,36641727244411,16357,249878,36641727244411,36641721408067,36641745782009,36641721090318,
0,1718680,36641735196712,36641735196712,0,36641735881008,36641735883694,36641736325059,36641736377183,36641751796712,36641735873277,16671343,16600000,36641735196712,-1,36641736427842,36641736908189,36641736948676,36641737459784,36641738069892,11190,283773,36641738069892,36641737815497,36641762455674,36641737459784,
0,1718687,36641751969049,36641751969049,0,36641752878607,36641752881212,36641753302395,36641753401150,36641768569049,36641752870103,16673928,16600000,36641751969049,-1,36641753494249,36641754059882,36641754097764,36641754596869,36641756439683,9399,328003,36641756439683,36641754991238,36641779122138,36641754596869,
0,1718694,36641768663658,36641768663658,0,36641769408311,36641769410305,36641769793321,36641769860460,36641785263658,36641769403266,16676604,16600000,36641768663658,-1,36641769921983,36641770434719,36641770495388,36641770925523,36641776512234,13834,339030,36641776512234,36641771350735,36641795765489,36641770925523,
0,1718701,36641785363453,36641785363453,0,36641786135687,36641786138332,36641786618557,36641786700629,36641801963453,36641786127997,16677805,16600000,36641785363453,-1,36641786788397,36641787533637,36641787589586,36641788136094,36641789483832,13957,336181,36641789483832,36641788553046,36641812416937,36641788136094,
0,1718708,36641802052469,36641802052469,0,36641802830145,36641802833238,36641803307685,36641803402126,36641818652469,36641802822577,16677945,16600000,36641802052469,-1,36641803496609,36641804266221,36641804366929,36641804825059,36641806460435,18514,351400,36641806460435,36641805260769,36641829113552,36641804825059,
0,1718715,36641818731814,36641818731814,0,36641820098130,36641820101182,36641820506252,36641820601915,36641835331814,36641820089708,16676696,16600000,36641818731814,-1,36641820691636,36641821278306,36641821358873,36641821891303,36641823037177,12532,361654,36641823037177,36641822348212,36641845759223,36641821891303,
0,1718722,36641835395186,36641835395186,0,36641836357855,36641836360419,36641836780504,36641836873603,36641851995186,36641836350287,16675536,16600000,36641835395186,-1,36641836960110,36641837479031,36641837528144,36641838058539,36641839704047,9969,338175,36641839704047,36641838476060,36641862423977,36641838058539,
0,1718729,36641852055578,36641852055578,0,36641852900906,36641852904405,36641853416409,36641853522772,36641868655578,36641852892361,16675146,16600000,36641852055578,-1,36641853626939,36641854198187,36641854291490,36641854806627,36641856227769,15503,410157,36641856227769,36641855321356,36641879070258,36641854806627,
0,1718736,36641868725752,36641868725752,0,36641869555365,36641869558539,36641870069485,36641870174994,36641885325752,36641869547349,16673791,16600000,36641868725752,-1,36641870275946,36641871004299,36641871151882,36641871940009,36641872844672,108317,523885,36641872844672,36641872564073,36641895747992,36641871940009,
0,1718743,36641885384187,36641885384187,0,36641886223741,36641886226426,36641886605373,36641886679185,36641901984187,36641886216579,16672913,16600000,36641885384187,-1,36641886747626,36641887357774,36641887448065,36641888104356,36641889351020,15544,488484,36641889351020,36641888697862,36641912435329,36641888104356,
0,1718750,36641902046139,36641902046139,0,36641902819566,36641902823432,36641903326321,36641903438707,36641918646139,36641902810777,16667558,16600000,36641902046139,-1,36641903546983,36641904235541,36641904349351,36641904983425,36641906404242,19002,377197,36641906404242,36641905574042,36641929091417,36641904983425,
0,1718757,36641918669204,36641918669204,0,36641920121934,36641920125067,36641920529283,36641920620144,36641935269204,36641920112413,16663444,16600000,36641918669204,-1,36641920710557,36641921451524,36641921552313,36641922198920,36641922810696,17375,426961,36641922810696,36641922727077,36641945808376,36641922198920,
0,1718765,36641935302370,36641935302370,0,36641935910468,36641935913926,36641936528632,36641936616197,36641951902370,36641935901679,16664212,16600000,36641935302370,-1,36641936714179,36641937284044,36641937436265,36641938372016,36641939272203,23601,396199,36641939272203,36641938886542,36641962421495,36641938372016,
0,1718773,36641951975286,36641951975286,0,36641952599311,36641952604519,36641952608059,36641952703233,36641968575286,36641952589382,16663608,16600000,36641951975286,-1,36641952811794,36641953429633,36641953544542,36641954167141,36641955097113,18759,325603,36641955097113,36641954592027,36641979089586,36641954167141,
0,1718781,36641968636275,36641968636275,0,36641969651760,36641969657253,36641969662014,36641969794989,36641985236275,36641969638577,16666021,16600000,36641968636275,-1,36641969934678,36641970348334,36641970402370,36641970882229,36641974525499,11841,677816,36641974525499,36641971760484,36641995770006,36641970882229,
0,1718789,36641985328063,36641985328063,0,36641986031602,36641986036485,36641986041124,36641986152981,36642001928063,36641986020168,16665741,16600000,36641985328063,-1,36641986274359,36641987114203,36641987210150,36641988429836,36641990627427,20020,845948,36641990627427,36641989422756,36642012448717,36641988429836,
0,1718797,36642001990629,36642001990629,0,36642002807603,36642002812445,36642002817165,36642002952623,36642018590629,36642002794949,16666265,16600000,36642001990629,-1,36642003092759,36642003414944,36642003455064,36642003663520,36642007461859,7935,151896,36642007461859,36642003851142,36642029126370,36642003663520,
0,1718805,36642018660016,36642018660016,0,36642019825100,36642019830349,36642019834947,36642019979234,36642035260016,36642019810492,16667750,16600000,36642018660016,-1,36642020223904,36642020516059,36642020546210,36642020768337,36642022135037,6674,138794,36642022135037,36642020951565,36642045792426,36642020768337,
0,1718812,36642035339304,36642035339304,0,36642036217637,36642036222724,36642036227322,36642036360500,36642051939304,36642036203803,16667959,16600000,36642035339304,-1,36642036504462,36642036957017,36642037001980,36642037319485,36642039840562,7894,151815,36642039840562,36642037507880,36642062495632,36642037319485,
0,1718819,36642052010605,36642052010605,0,36642052527615,36642052528795,36642052529853,36642052573635,36642068610605,36642052523586,16669730,16600000,36642052010605,-1,36642052619941,36642053773383,36642053873603,36642055463772,36642056637152,24983,999797,36642055712022,36642056637152,36642079122382,36642055463772,
0,1718826,36642068695163,36642068695163,0,36642069553209,36642069557034,36642069560533,36642069660020,36642085295163,36642069543118,16670433,16600000,36642068695163,-1,36642069762478,36642070374905,36642070465196,36642071335598,36642073114447,19165,544922,36642073114447,36642072070014,36642095788682,36642071335598,
0,1718833,36642085371276,36642085371276,0,36642086450832,36642086454576,36642086457953,36642086554633,36642101971276,36642086441596,16672223,16600000,36642085371276,-1,36642086669216,36642087425279,36642087531440,36642088468940,36642089153510,21159,549438,36642088932888,36642089153510,36642112462673,36642088468940,
0,1718840,36642102060919,36642102060919,0,36642102902655,36642102907335,36642102911973,36642103034044,36642118660919,36642102889960,16671049,16600000,36642102060919,-1,36642103161282,36642103461819,36642103486599,36642103814968,36642104392971,5127,123860,36642104392971,36642103968940,36642129174018,36642103814968,
0,1718847,36642118720776,36642118720776,0,36642119543972,36642119549465,36642119554023,36642119677273,36642135320776,36642119531969,16670000,16600000,36642118720776,-1,36642119809597,36642120097764,36642120130968,36642120364366,36642123522610,6999,144613,36642123522610,36642120542060,36642145841132,36642120364366,
0,1718854,36642135380868,36642135380868,0,36642136519233,36642136523993,36642136528591,36642136661811,36642151980868,36642136505927,16669887,16600000,36642135380868,-1,36642136985297,36642137291165,36642137322821,36642137568223,36642139924262,8952,180990,36642139924262,36642137788479,36642162484931,36642137568223,
0,1718861,36642152048740,36642152048740,0,36642152876573,36642152881252,36642152886379,36642153002346,36642168648740,36642152865017,16670821,16600000,36642152048740,-1,36642153122016,36642153434190,36642153483547,36642153856879,36642155373847,6266,184652,36642155373847,36642154082872,36642179153876,36642153856879,
0,1718868,36642168731163,36642168731163,0,36642169582913,36642169587226,36642169592149,36642169693305,36642185331163,36642169570583,16673481,16600000,36642168731163,-1,36642169803697,36642170072821,36642170103176,36642170315538,36642174047309,5208,155843,36642174047309,36642170509141,36642195819200,36642170315538,
0,1718875,36642185425829,36642185425829,0,36642186148302,36642186152004,36642186155504,36642186254747,36642202025829,36642186138373,16672598,16600000,36642185425829,-1,36642186357571,36642186946235,36642187025336,36642187676622,36642190632026,17903,509847,36642190632026,36642188311998,36642212500597,36642187676622,
0,1718882,36642202089393,36642202089393,0,36642202814683,36642202818020,36642202821438,36642202916856,36642218689393,36642202805325,16671423,16600000,36642202089393,-1,36642203014675,36642203648668,36642203740831,36642204608629,36642206608303,18596,1194458,36642206608303,36642205936916,36642229146389,36642204608629,
0,1718889,36642218750256,36642218750256,0,36642219650092,36642219651964,36642219653388,36642219713202,36642235350256,36642219644111,16670373,16600000,36642218750256,-1,36642219773708,36642221113145,36642221236599,36642222101630,36642224325629,22502,570231,36642224325629,36642222856757,36642245839830,36642222101630,
0,1718896,36642235411047,36642235411047,0,36642236262193,36642236266669,36642236271145,36642236390164,36642252011047,36642236249945,16670093,16600000,36642235411047,-1,36642236516995,36642237217312,36642237338202,36642238075385,36642241512681,18880,521932,36642241512681,36642238751573,36642262547512,36642238075385,
0,1718903,36642252079377,36642252079377,0,36642252912340,36642252917345,36642252922024,36642253044705,36642268679377,36642252900173,16669146,16600000,36642252079377,-1,36642253176500,36642253964057,36642254071397,36642254864936,36642255912340,23763,492106,36642255912340,36642255532945,36642279232083,36642254864936,
0,1718910,36642268738715,36642268738715,0,36642270009141,36642270015815,36642270020942,36642270206244,36642285338715,36642269992377,16669061,16600000,36642268738715,-1,36642270406928,36642271286445,36642271374620,36642272234972,36642276243720,24170,520834,36642276243720,36642272895575,36642295937039,36642272234972,
0,1718917,36642285408525,36642285408525,0,36642286720364,36642286727322,36642286732408,36642286954454,36642302008525,36642286702135,16671883,16600000,36642285408525,-1,36642287179023,36642287960029,36642288142239,36642288837836,36642289573513,18596,600749,36642289472154,36642289573513,36642312580634,36642288837836,
0,1718924,36643052147316,36643052147316,-314035129,36643053117133,36643053121731,36643053123766,36643053265245,36643068747316,36643053103990,16666667,16600000,36643052147316,-1,36643053405097,36643054000678,36643054054755,36643054531603,36643055879015,19775,259969,36643055879015,36643054860257,36643079346097,36643054531603,
0,1718931,36643068882001,36643068882001,0,36643070173001,36643070177192,36643070179878,36643070327867,36643085482001,36643070161974,16666667,16600000,36643068882001,-1,36643070487535,36643070961331,36643071006294,36643071608711,36643072562446,9847,316162,36643072562446,36643071973131,36643096122911,36643071608711,
0,1718938,36643152203335,36643152203335,-465030651,36643153715156,36643153728462,36643154552843,36643154901801,36643168803335,36643153689033,16666667,16600000,36643152203335,-1,36643155277697,36643156625475,36643156768134,36643157853787,36643167910428,44922,626261,36643167910428,36643158655952,36643179378852,36643157853787,
0,1718951,36643185536669,36643185536669,0,36643186034980,36643186035875,36643186244005,36643187561347,36643202136669,36643186031684,16667514,16600000,36643185536669,-1,36643187614448,36643188076484,36643188113187,36643188432685,36643189930488,9725,218221,36643189930488,36643188702339,36643212669135,36643188432685,
0,1718958,36643202200160,36643202200160,0,36643202668444,36643202669786,36643202837877,36643202876126,36643218800160,36643202664212,16667514,16600000,36643202200160,-1,36643202912788,36643203231106,36643203263577,36643203544502,36643206196276,5412,167644,36643206196276,36643203745836,36643229418077,36643203544502,
0,1718965,36643218867674,36643218867674,0,36643219455716,36643219457547,36643219727200,36643219772610,36643235467674,36643219450060,16667514,16600000,36643218867674,-1,36643219819078,36643220196032,36643220227770,36643220488146,36643225228055,7162,191040,36643225228055,36643220732083,36643246058418,36643220488146,
0,1718972,36643235535188,36643235535188,0,36643236687649,36643236689399,36643237077623,36643237162503,36643252135188,36643236680854,16671549,16600000,36643235535188,-1,36643237227648,36643237844225,36643237921699,36643238459988,36643244512926,14364,398438,36643244512926,36643238948839,36643262793118,36643238459988,
0,1718979,36643252253909,36643252253909,0,36643252930813,36643252933011,36643253374743,36643253452664,36643268853909,36643252924669,16678680,16600000,36643252253909,-1,36643253555569,36643254045234,36643254082710,36643254376085,36643262790555,10498,209228,36643262790555,36643254634467,36643279352688,36643254376085,
0,1718986,36643268981636,36643268981636,0,36643269635037,36643269636421,36643269887234,36643269973091,36643285581636,36643269631375,16679428,16600000,36643268981636,-1,36643270015245,36643270412544,36643270443956,36643270726753,36643272277330,8789,254964,36643272277330,36643271039985,36643296054511,36643270726753,
0,1718993,36643285673784,36643285673784,0,36643286237088,36643286238716,36643286555651,36643286616849,36643302273784,36643286233792,16682386,16600000,36643285673784,-1,36643286662544,36643287140734,36643287175320,36643287606229,36643289054796,11474,228597,36643289054796,36643287897488,36643312708930,36643287606229,
0,1719000,36643302380887,36643302380887,0,36643302973375,36643302974800,36643303249865,36643303300971,36643318980887,36643302968981,16679237,16600000,36643302380887,-1,36643303344835,36643303695177,36643303725247,36643303992133,36643305915799,6062,245321,36643305915799,36643304342313,36643329393745,36643303992133,
0,1719007,36643319034945,36643319034945,0,36643319551256,36643319552599,36643319826403,36643319877021,36643335634945,36643319548082,16679452,16600000,36643319034945,-1,36643319918159,36643320524075,36643320562731,36643320983304,36643321572090,9318,224161,36643321572090,36643321271715,36643346041857,36643320983304,
0,1719014,36643335708668,36643335708668,0,36643336310737,36643336312934,36643336680651,36643336753323,36643352308668,36643336305814,16678282,16600000,36643335708668,-1,36643336821316,36643337541124,36643337580512,36643337935371,36643340326769,11882,299968,36643340326769,36643338303779,36643362729845,36643337935371,
0,1719021,36643352369058,36643352369058,0,36643353190783,36643353192573,36643353518908,36643353580512,36643368969058,36643353187446,16676023,16600000,36643352369058,-1,36643353628608,36643354096626,36643354144966,36643354638252,36643355663398,12207,286417,36643355663398,36643355002957,36643379367785,36643354638252,
0,1719028,36643369023454,36643369023454,0,36643369559801,36643369561754,36643369943590,36643370001289,36643385623454,36643369555285,16673983,16600000,36643369023454,-1,36643370061754,36643370639594,36643370701159,36643371227689,36643371841946,12329,317179,36643371841946,36643371634590,36643396044990,36643371227689,
0,1719035,36643385674919,36643385674919,0,36643386441393,36643386443997,36643386854194,36643386947537,36643402274919,36643386434923,16671015,16600000,36643385674919,-1,36643387032824,36643387571601,36643387617907,36643388075263,36643389245023,10457,322713,36643389245023,36643388526395,36643412742215,36643388075263,
0,1719042,36643402321954,36643402321954,0,36643403140449,36643403142850,36643403584907,36643403677721,36643418921954,36643403131904,16665892,16600000,36643402321954,-1,36643403756334,36643404328152,36643404418851,36643404997789,36643406874295,10824,371867,36643406874295,36643405454292,36643429432970,36643404997789,
0,1719050,36643418946492,36643418946492,0,36643419746406,36643419747952,36643420164497,36643420228014,36643435546492,36643419739896,16665744,16600000,36643418946492,-1,36643420286486,36643420848416,36643420903795,36643421382270,36643422578315,13428,342245,36643422578315,36643421807197,36643446057645,36643421382270,
0,1719058,36643435610659,36643435610659,0,36643436628771,36643436631782,36643437086575,36643437182482,36643452210659,36643436621162,16664335,16600000,36643435610659,-1,36643437271675,36643437852241,36643437923123,36643438337348,36643439830716,15137,387695,36643439830716,36643438841702,36643462734891,36643438337348,
0,1719066,36643452270031,36643452270031,0,36643453070543,36643453073554,36643453755399,36643453848945,36643468870031,36643453062324,16667081,16600000,36643452270031,-1,36643453938097,36643454619900,36643454683865,36643455079251,36643456947212,16724,319133,36643456947212,36643455477973,36643479381782,36643455079251,
0,1719073,36643468964026,36643468964026,0,36643469574857,36643469579170,36643469581937,36643469690010,36643485564026,36643469566027,16666911,16600000,36643468964026,-1,36643469799791,36643470497708,36643470577705,36643471296658,36643471774889,21728,382527,36643471678616,36643471774889,36643496090563,36643471296658,
0,1719080,36643485629011,36643485629011,0,36643486387723,36643486392239,36643486396634,36643486550280,36643502229011,36643486374621,16667129,16600000,36643485629011,-1,36643486704617,36643487111966,36643487150377,36643487525377,36643488591336,11475,229330,36643488591336,36643487801907,36643512722358,36643487525377,
0,1719087,36643502298612,36643502298612,0,36643502630683,36643502631497,36643502632270,36643502661120,36643518898612,36643502627713,16668359,16600000,36643502298612,-1,36643502691190,36643502925443,36643502947008,36643503143501,36643506916572,5249,149902,36643506916572,36643503324246,36643529423205,36643503143501,
0,1719094,36643518973674,36643518973674,0,36643519574206,36643519577542,36643519580268,36643519669827,36643535573674,36643519566108,16669487,16600000,36643518973674,-1,36643519762357,36643520113716,36643520142646,36643520419420,36643522064277,7324,196493,36643522064277,36643520661038,36643546090522,36643520419420,
0,1719101,36643535654061,36643535654061,0,36643536455350,36643536459419,36643536462674,36643536570950,36643552254061,36643536443957,16668464,16600000,36643535654061,-1,36643536688301,36643538009997,36643538132677,36643539259834,36643540206204,18148,815633,36643539848091,36643540206204,36643562785306,36643539259834,
0,1719108,36643552312128,36643552312128,0,36643553029691,36643553033434,36643553036689,36643553147041,36643568912128,36643553018257,16669487,16600000,36643552312128,-1,36643553272570,36643553582791,36643553602973,36643553848904,36643554470161,4069,117188,36643554470161,36643554000841,36643579442085,36643553848904,
0,1719115,36643568990969,36643568990969,0,36643569507555,36643569511258,36643569514879,36643569611152,36643585590969,36643569497464,16669486,16600000,36643568990969,-1,36643569709582,36643570632433,36643570720486,36643571461779,36643572503527,15096,411458,36643572337633,36643572503527,36643596092679,36643571461779,
0,1719122,36643585661681,36643585661681,0,36643586158027,36643586159940,36643586160916,36643586211901,36643602261681,36643586153104,16671195,16600000,36643585661681,-1,36643586269477,36643586923978,36643587001289,36643587761502,36643588378283,19124,521281,36643588257148,36643588378283,36643612780993,36643587761502,
0,1719129,36643602349205,36643602349205,0,36643602689399,36643602690376,36643602690986,36643602719225,36643618949205,36643602686673,16670831,16600000,36643602349205,-1,36643602747464,36643603328641,36643603437121,36643604716377,36643605876818,381023,916301,36643605388374,36643605876818,36643629448555,36643604716377,
0,1719136,36643619018606,36643619018606,0,36643619707425,36643619711535,36643619715034,36643619826240,36643635618606,36643619697171,16669807,16600000,36643619018606,-1,36643619942817,36643620575182,36643620812161,36643622454251,36643623035021,17130,441569,36643622454251,36643623035021,36643646124987,36643622454251,
0,1719143,36643635679518,36643635679518,0,36643636400744,36643636405423,36643636409085,36643636530301,36643652279518,36643636389188,16670672,16600000,36643635679518,-1,36643636655830,36643637767728,36643638048001,36643639214953,36643640186144,18391,843790,36643640115140,36643640186144,36643662758491,36643639214953,
0,1719150,36643652357633,36643652357633,0,36643653161079,36643653165107,36643653168688,36643653276720,36643668957633,36643653150540,16672395,16600000,36643652357633,-1,36643653387601,36643654407498,36643654476631,36643655920356,36643656554512,16520,504964,36643655920356,36643656554512,36643679445584,36643655920356,
0,1719157,36643669041968,36643669041968,0,36643669690661,36643669694770,36643669698758,36643669807808,36643685641968,36643669680081,16672475,16600000,36643669041968,-1,36643669925809,36643670968045,36643671264106,36643672498685,36643673211616,16113,615641,36643672706733,36643673211616,36643696093208,36643672498685,
0,1719164,36643685715006,36643685715006,0,36643686087674,36643686088732,36643686089261,36643686115750,36643702315006,36643686084907,16671290,16600000,36643685715006,-1,36643686149930,36643686761258,36643686832506,36643687501086,36643688088691,14811,419433,36643688047757,36643688088691,36643712749661,36643687501086,
0,1719171,36643702372382,36643702372382,0,36643703204902,36643703209744,36643703213366,36643703349596,36643718972382,36643703192573,16669827,16600000,36643702372382,-1,36643703485623,36643704447090,36643704555976,36643705311958,36643706128283,25025,402669,36643706128283,36643705827908,36643729604398,36643705311958,
0,1719178,36643719030467,36643719030467,0,36643719648343,36643719652209,36643719655586,36643719750475,36643735630467,36643719639066,16669100,16600000,36643719030467,-1,36643719847602,36643721224352,36643721324897,36643722171658,36643723168810,23112,531983,36643723168810,36643722851834,36643746087878,36643722171658,
0,1719185,36643735690447,36643735690447,0,36643737102485,36643737107205,36643737111844,36643737229316,36643752290447,36643737090156,16666376,16600000,36643735690447,-1,36643737352567,36643738556221,36643738649726,36643739543810,36643740588122,20915,924031,36643740210599,36643740588122,36643762769762,36643739543810,
0,1719193,36643752333511,36643752333511,0,36643752822659,36643752824450,36643752825915,36643752881090,36643768933511,36643752817899,16672248,16600000,36643752333511,-1,36643752939440,36643754047269,36643754137886,36643754816597,36643757278755,18595,389282,36643757278755,36643755308988,36643779423693,36643754816597,
0,1719200,36643769071061,36643769071061,0,36643769882718,36643769886462,36643769890449,36643769988512,36643785671061,36643769873034,16670058,16600000,36643769071061,-1,36643770094836,36643771246894,36643771364123,36643772214220,36643774486315,18189,327962,36643774486315,36643772642117,36643796159940,36643772214220,
0,1719207,36643785716299,36643785716299,0,36643786539538,36643786543485,36643786547228,36643786656522,36643802316299,36643786528673,16668672,16600000,36643785716299,-1,36643786765978,36643787716743,36643787847969,36643788784370,36643789325508,19043,420084,36643789258735,36643789325508,36643812851102,36643788784370,
0,1719214,36644535790125,36644535790125,-195714880,36644536542997,36644536545682,36644536547106,36644536660876,36644552390125,36644536533597,16668664,16600000,36644535790125,-1,36644536793851,36644537469470,36644537547188,36644538131538,36644539334501,24292,273316,36644539334501,36644538469388,36644563116117,36644538131538,
0,1719221,36644552458789,36644552458789,0,36644553050240,36644553051013,36644553051501,36644553092598,36644569058789,36644553045845,16666667,16600000,36644552458789,-1,36644553134997,36644553423612,36644553455635,36644553862333,36644554754260,6389,207641,36644554754260,36644554104154,36644579834501,36644553862333,
0,1719228,36644619254002,36644619254002,-281972410,36644620492297,36644620500923,36644621312854,36644621514595,36644635854002,36644620475411,16666667,16600000,36644619254002,-1,36644621734647,36644622508288,36644622597928,36644623581937,36644625451403,30599,564616,36644625451403,36644624313179,36644646464465,36644623581937,
0,1719235,36644635920669,36644635920669,0,36644636757108,36644636758207,36644636967395,36644637017932,36644652520669,36644636751167,16697657,16600000,36644635920669,-1,36644637069323,36644637304105,36644637328967,36644637596748,36644640222928,6104,177450,36644640222928,36644637799589,36644663108711,36644637596748,
0,1719242,36644652812447,36644652812447,0,36644654015083,36644654019763,36644654502632,36644654651639,36644669412447,36644654002388,16697657,16600000,36644652812447,-1,36644654793322,36644655286283,36644655357084,36644655985827,36644663333972,13916,474365,36644663333972,36644656692289,36644679762642,36644655985827,
0,1719249,36644669510104,36644669510104,0,36644670124621,36644670127632,36644670532580,36644670622383,36644686110104,36644670116076,16692014,16600000,36644669510104,-1,36644670714506,36644670978218,36644671007190,36644671222277,36644672634997,5005,161133,36644672634997,36644671419136,36644696424222,36644671222277,
0,1719256,36644686160735,36644686160735,0,36644686896268,36644686900134,36644687425850,36644687542020,36644702760735,36644686886381,16685682,16600000,36644686160735,-1,36644687657295,36644687909248,36644687927559,36644688126289,36644689499092,4801,101929,36644689499092,36644688253121,36644713189563,36644688126289,
0,1719263,36644702795762,36644702795762,0,36644703540149,36644703543282,36644704305122,36644704410998,36644719395762,36644703530505,16680610,16600000,36644702795762,-1,36644704578397,36644705229439,36644705313301,36644705951403,36644707657051,19612,285929,36644707657051,36644706324532,36644729759183,36644705951403,
0,1719270,36644719432415,36644719432415,0,36644720536364,36644720541084,36644721150459,36644721286120,36644736032415,36644720525378,16676990,16600000,36644719432415,-1,36644721412422,36644722067899,36644722151761,36644722864652,36644724687365,21444,519002,36644724687365,36644723499621,36644746442696,36644722864652,
0,1719277,36644736075619,36644736075619,0,36644736714790,36644736718086,36644737125232,36644737212675,36644752675619,36644736706490,16679031,16600000,36644736075619,-1,36644737299589,36644737919991,36644738018217,36644738594958,36644739942777,16805,385824,36644739942777,36644739082873,36644763085884,36644738594958,
0,1719284,36644752775061,36644752775061,0,36644753440783,36644753444323,36644753927437,36644754029325,36644769375061,36644753430855,16676001,16600000,36644752775061,-1,36644754129260,36644754723620,36644754837105,36644755496976,36644756878202,18473,601644,36644756878202,36644756221179,36644779755399,36644755496976,
0,1719291,36644769418742,36644769418742,0,36644770117500,36644770120796,36644770550931,36644770648384,36644786018742,36644770108101,16673029,16600000,36644769418742,-1,36644770742378,36644771429919,36644771553047,36644772234281,36644773429838,18351,407145,36644773429838,36644772757596,36644796490832,36644772234281,
0,1719298,36644786064566,36644786064566,0,36644786727689,36644786729887,36644787167468,36644787243884,36644802664566,36644786720528,16668822,16600000,36644786064566,-1,36644787313789,36644788213610,36644788302803,36644788955350,36644790831042,16438,461344,36644790831042,36644789522896,36644813150704,36644788955350,
0,1719305,36644802696172,36644802696172,0,36644803542509,36644803546252,36644804400785,36644804479358,36644819296172,36644803532946,16665783,16600000,36644802696172,-1,36644804554390,36644805468900,36644805596952,36644806268664,36644807495959,19572,514973,36644807495959,36644806979642,36644829824572,36644806268664,
0,1719313,36644819336419,36644819336419,0,36644820088651,36644820091052,36644820563830,36644820653104,36644835936419,36644820079415,16664425,16600000,36644819336419,-1,36644820709501,36644821366524,36644821527453,36644822501737,36644823086942,15584,459757,36644823008858,36644823086942,36644846537748,36644822501737,
0,1719321,36644835999754,36644835999754,0,36644836847440,36644836851224,36644837329577,36644837431791,36644852599754,36644836838244,16665199,16600000,36644835999754,-1,36644837534330,36644838147570,36644838240832,36644838869942,36644839990181,15625,442342,36644839990181,36644839423042,36644863228340,36644838869942,
0,1719329,36644852676916,36644852676916,0,36644853982653,36644853986397,36644854779651,36644854881945,36644869276916,36644853973091,16666625,16600000,36644852676916,-1,36644854985298,36644855683093,36644855747221,36644856598010,36644857269600,16927,407308,36644857269600,36644857147204,36644879921700,36644856598010,
0,1719337,36644869359701,36644869359701,0,36644870873726,36644870877917,36644871767891,36644871904406,36644885959701,36644870861234,16673078,16600000,36644869359701,-1,36644872134753,36644873402413,36644873479032,36644874058174,36644875552234,17619,656047,36644875552234,36644874857043,36644896509387,36644874058174,
0,1719344,36644886088587,36644886088587,0,36644886809232,36644886811633,36644887253609,36644887343900,36644902688587,36644886801786,16676087,16600000,36644886088587,-1,36644887443794,36644887995389,36644888137154,36644888715808,36644890797391,14648,437174,36644890797391,36644889271757,36644913314766,36644888715808,
0,1719351,36644902793809,36644902793809,0,36644903785062,36644903788318,36644904659411,36644904781278,36644919393809,36644903774483,16678707,16600000,36644902793809,-1,36644904890490,36644905499011,36644905573148,36644906090889,36644907496244,15910,475342,36644907496244,36644906672798,36644929856107,36644906090889,
0,1719358,36644919498620,36644919498620,0,36644920230212,36644920233752,36644920938749,36644921046171,36644936098620,36644920220284,16676947,16600000,36644919498620,-1,36644921156604,36644922084501,36644922145292,36644922927600,36644925434354,14404,381958,36644925434354,36644923417142,36644946582344,36644922927600,
0,1719365,36644936155664,36644936155664,0,36644937050158,36644937052112,36644937053332,36644937118518,36644952755664,36644937043770,16684411,16600000,36644936155664,-1,36644937191190,36644938292590,36644938440132,36644939582426,36644940636869,35034,876912,36644940270658,36644940636869,36644963215808,36644939582426,
0,1719372,36644952903672,36644952903672,0,36644953700020,36644953703886,36644953707873,36644953809273,36644969503672,36644953689359,16681768,16600000,36644952903672,-1,36644953918282,36644954527535,36644954619576,36644955322375,36644956468615,20386,479858,36644956468615,36644955913969,36644979846098,36644955322375,
0,1719379,36644969553307,36644969553307,0,36644970278633,36644970282784,36644970286283,36644970433581,36644986153307,36644970267281,16681504,16600000,36644969553307,-1,36644970596545,36644971739042,36644971850940,36644973294421,36644974114612,20467,653279,36644973737618,36644974114612,36644996508288,36644973294421,
0,1719386,36644986229103,36644986229103,0,36644987356636,36644987361560,36644987365141,36644987474760,36645002829103,36644987345284,16677920,16600000,36644986229103,-1,36644987598213,36644988700956,36644988994983,36644990518298,36644991524727,20751,853190,36644991076159,36644991524727,36645013206530,36644990518298,
0,1719393,36645002872548,36645002872548,0,36645003578397,36645003582304,36645003586251,36645003693143,36645019472548,36645003567248,16672157,16600000,36645002872548,-1,36645003815051,36645005299385,36645005733020,36645007468127,36645008788073,20589,1138428,36645008448230,36645008788073,36645029854154,36645007468127,
0,1719400,36645019492025,36645019492025,0,36645020333850,36645020339343,36645020344185,36645020482084,36645036092025,36645020320748,16668713,16600000,36645019492025,-1,36645020640694,36645022055814,36645022141793,36645023190010,36645024390328,19735,1068807,36645023626290,36645024390328,36645046650866,36645023190010,
0,1719407,36645036127429,36645036127429,0,36645036877103,36645036881091,36645036884672,36645036995919,36645052727429,36645036865751,16666054,16600000,36645036127429,-1,36645037118843,36645038132027,36645038225411,36645039074532,36645041193876,23560,971476,36645041193876,36645040557483,36645063161446,36645039074532,
0,1719415,36645052773487,36645052773487,0,36645053489815,36645053493925,36645053497546,36645053625964,36645069373487,36645053479276,16662598,16600000,36645052773487,-1,36645053751859,36645054890002,36645054995837,36645056755928,36645057361438,23397,195760,36645057361438,36645056999052,36645079852852,36645056755928,
0,1719423,36645069409786,36645069409786,0,36645070124906,36645070128934,36645070132515,36645070256579,36645086009786,36645070114530,16666052,16600000,36645069409786,-1,36645070378650,36645070800647,36645070828926,36645071071765,36645073896187,5290,153727,36645073896187,36645071262276,36641012469590,36645071071765,
0,1719431,36645086118693,36645086118693,0,36645086976469,36645086981270,36645086985827,36645087106840,36645102718693,36645086963773,16664104,16600000,36645086118693,-1,36645087234444,36645088341825,36645088410836,36645089467029,36645090534940,19491,926229,36645089993274,36645090534940,36641029130113,36645089467029,
0,1719439,36645102760719,36645102760719,0,36645103439807,36645103443713,36645103450142,36645103558174,36645119360719,36645103430814,16663332,16600000,36645102760719,-1,36645103673165,36645104745390,36645104813668,36645105622180,36645106555692,18474,844075,36645106147449,36645106555692,36641045802883,36645105622180,
0,1719447,36645119416423,36645119416423,0,36645120080310,36645120084257,36645120087756,36645120209297,36645136016423,36645119994820,16662671,16600000,36645119416423,-1,36645120327828,36645121263049,36645121343697,36645122051257,36645124761950,20142,591390,36645124761950,36645122748604,36641062489243,36645122051257,
0,1719455,36645136068504,36645136068504,0,36645136524320,36645136525744,36645136526518,36645136560331,36645152668504,36645136520740,16660491,16600000,36645136068504,-1,36645136596627,36645136983305,36645137011625,36645137290067,36645139694405,8626,178426,36645139694405,36645137515816,36641079147365,36645137290067,
0,1719463,36645152713684,36645152713684,0,36645153562772,36645153566801,36645153570788,36645153686714,36645169313684,36645153552478,16663035,16600000,36645152713684,-1,36645153803495,36645154176827,36645154219307,36645154481270,36645155296944,6998,195109,36645155296944,36645154727689,36641095792222,36645154481270,
---PROFILEDATA---


View hierarchy:

  org.ultimatemaps.spike.maplibre/org.ultimatemaps.spike.MainActivity/android.view.ViewRootImpl@5304d77
  10 views, 17,26 kB of render nodes


Total ViewRootImpl   : 1
Total attached Views : 10
Total RenderNode     : 17,26 kB (used) / 52,80 kB (capacity)

