Applications Graphics Acceleration Info:
Uptime: 36582861 Realtime: 36582861

** Graphics info for pid 13558 [org.ultimatemaps.spike.maplibre] **

Stats since: 36575595281163ns
Total frames rendered: 369
Janky frames: 3 (0.81%)
Janky frames (legacy): 0 (0.00%)
50th percentile: 5ms
90th percentile: 7ms
95th percentile: 7ms
99th percentile: 17ms
Number Missed Vsync: 0
Number High input latency: 161
Number Slow UI thread: 0
Number Slow bitmap uploads: 0
Number Slow issue draw commands: 2
Number Frame deadline missed: 3
Number Frame deadline missed (legacy): 0
HISTOGRAM: 5ms=273 6ms=49 7ms=29 8ms=7 9ms=5 10ms=0 11ms=1 12ms=0 13ms=0 14ms=1 15ms=0 16ms=0 17ms=2 18ms=0 19ms=1 20ms=1 21ms=0 22ms=0 23ms=0 24ms=0 25ms=0 26ms=0 27ms=0 28ms=0 29ms=0 30ms=0 31ms=0 32ms=0 34ms=0 36ms=0 38ms=0 40ms=0 42ms=0 44ms=0 46ms=0 48ms=0 53ms=0 57ms=0 61ms=0 65ms=0 69ms=0 73ms=0 77ms=0 81ms=0 85ms=0 89ms=0 93ms=0 97ms=0 101ms=0 105ms=0 109ms=0 113ms=0 117ms=0 121ms=0 125ms=0 129ms=0 133ms=0 150ms=0 200ms=0 250ms=0 300ms=0 350ms=0 400ms=0 450ms=0 500ms=0 550ms=0 600ms=0 650ms=0 700ms=0 750ms=0 800ms=0 850ms=0 900ms=0 950ms=0 1000ms=0 1050ms=0 1100ms=0 1150ms=0 1200ms=0 1250ms=0 1300ms=0 1350ms=0 1400ms=0 1450ms=0 1500ms=0 1550ms=0 1600ms=0 1650ms=0 1700ms=0 1750ms=0 1800ms=0 1850ms=0 1900ms=0 1950ms=0 2000ms=0 2050ms=0 2100ms=0 2150ms=0 2200ms=0 2250ms=0 2300ms=0 2350ms=0 2400ms=0 2450ms=0 2500ms=0 2550ms=0 2600ms=0 2650ms=0 2700ms=0 2750ms=0 2800ms=0 2850ms=0 2900ms=0 2950ms=0 3000ms=0 3050ms=0 3100ms=0 3150ms=0 3200ms=0 3250ms=0 3300ms=0 3350ms=0 3400ms=0 3450ms=0 3500ms=0 3550ms=0 3600ms=0 3650ms=0 3700ms=0 3750ms=0 3800ms=0 3850ms=0 3900ms=0 3950ms=0 4000ms=0 4050ms=0 4100ms=0 4150ms=0 4200ms=0 4250ms=0 4300ms=0 4350ms=0 4400ms=0 4450ms=0 4500ms=0 4550ms=0 4600ms=0 4650ms=0 4700ms=0 4750ms=0 4800ms=0 4850ms=0 4900ms=0 4950ms=0
50th gpu percentile: 2ms
90th gpu percentile: 4ms
95th gpu percentile: 5ms
99th gpu percentile: 12ms
GPU HISTOGRAM: 1ms=121 2ms=120 3ms=60 4ms=48 5ms=9 6ms=4 7ms=1 8ms=0 9ms=1 10ms=0 11ms=1 12ms=1 13ms=0 14ms=0 15ms=0 16ms=0 17ms=1 18ms=1 19ms=1 20ms=0 21ms=0 22ms=0 23ms=0 24ms=0 25ms=0 4950ms=0

Pipeline=Skia (Vulkan)
Memory policy:
  Max surface area: 2592000
  Max resource usage: 124.42MB (x48)
  Background retention: 50% (altUiHidden = true)
  GPU Context timeout: 10
Contexts: 1 (stopped = 0)
CPU Caches:
  Glyph Cache: 0.00 bytes (1 entry)
  Glyph Count: 0 
Total CPU memory usage:
  0 bytes, 0.00 bytes (0.00 bytes is purgeable)
GPU Caches:
  Other:
    Other: 0.00 bytes (1 entry)
  Image:
    Surface: 65.96 KB (2 entries)
  Scratch:
    Buffer Object: 64.00 KB (2 entries)
    Surface: 98.88 MB (22 entries)
Layer Info:
    VkLayer size 1080x2400
  Layers Total         10125.00 KB (numLayers = 1)
Total GPU memory usage:
  103813072 bytes, 99.00 MB (32.00 KB is purgeable)
Pipeline Cache: inactiveTextureView: 1080x2400

GraphicBufferAllocator buffers:
            Handle |         Size |     W (Stride) x H | Layers |   Format |      Usage | Requestor
0xb400007b0bdd8370 | 10200.00 KiB | 1080 (1088) x 2400 |      1 |        1 | 0x     b00 | VRI[MainActivity]#0(BLAST Consumer)0
0xb400007b0bdd9c30 | 10200.00 KiB | 1080 (1088) x 2400 |      1 |        1 | 0x     b00 | VRI[MainActivity]#0(BLAST Consumer)0
0xb400007b0be37f30 | 10200.00 KiB | 1080 (1088) x 2400 |      1 |        1 | 0x     b00 | VRI[MainActivity]#0(BLAST Consumer)0
0xb400007b0be38350 | 10200.00 KiB | 1080 (1088) x 2400 |      1 |        1 | 0x     b00 | VRI[MainActivity]#0(BLAST Consumer)0
0xb400007b0be7c2f0 | 10200.00 KiB | 1080 (1088) x 2400 |      1 |        1 | 0x     300 | SurfaceTexture-0-13558-0
0xb400007b0be7d370 | 10200.00 KiB | 1080 (1088) x 2400 |      1 |        1 | 0x     300 | SurfaceTexture-0-13558-0
0xb400007b0be7d4d0 | 10200.00 KiB | 1080 (1088) x 2400 |      1 |        1 | 0x     300 | SurfaceTexture-0-13558-0
0xb400007b0be7ed90 | 10200.00 KiB | 1080 (1088) x 2400 |      1 |        1 | 0x     b00 | VRI[MainActivity]#0(BLAST Consumer)0
0xb400007b0be81f10 | 10200.00 KiB | 1080 (1088) x 2400 |      1 |        1 | 0x     300 | SurfaceTexture-0-13558-0
0xb400007b0be83a90 | 10200.00 KiB | 1080 (1088) x 2400 |      1 |        1 | 0x     300 | SurfaceTexture-0-13558-0
Total allocated by GraphicBufferAllocator (estimate): 102000.00 KB
Imported gralloc buffers:
Total imported by gralloc: 0KiB

Profile data in ms:

	org.ultimatemaps.spike.maplibre/org.ultimatemaps.spike.MainActivity/android.view.ViewRootImpl@5304d77 (visibility=0)
Window: org.ultimatemaps.spike.maplibre/org.ultimatemaps.spike.MainActivity
Stats since: 36575595279251ns
Total frames rendered: 369
Janky frames: 3 (0.81%)
Janky frames (legacy): 0 (0.00%)
50th percentile: 5ms
90th percentile: 7ms
95th percentile: 7ms
99th percentile: 17ms
Number Missed Vsync: 0
Number High input latency: 161
Number Slow UI thread: 0
Number Slow bitmap uploads: 0
Number Slow issue draw commands: 2
Number Frame deadline missed: 3
Number Frame deadline missed (legacy): 0
HISTOGRAM: 5ms=273 6ms=49 7ms=29 8ms=7 9ms=5 10ms=0 11ms=1 12ms=0 13ms=0 14ms=1 15ms=0 16ms=0 17ms=2 18ms=0 19ms=1 20ms=1 21ms=0 22ms=0 23ms=0 24ms=0 25ms=0 26ms=0 27ms=0 28ms=0 29ms=0 30ms=0 31ms=0 32ms=0 34ms=0 36ms=0 38ms=0 40ms=0 42ms=0 44ms=0 46ms=0 48ms=0 53ms=0 57ms=0 61ms=0 65ms=0 69ms=0 73ms=0 77ms=0 81ms=0 85ms=0 89ms=0 93ms=0 97ms=0 101ms=0 105ms=0 109ms=0 113ms=0 117ms=0 121ms=0 125ms=0 129ms=0 133ms=0 150ms=0 200ms=0 250ms=0 300ms=0 350ms=0 400ms=0 450ms=0 500ms=0 550ms=0 600ms=0 650ms=0 700ms=0 750ms=0 800ms=0 850ms=0 900ms=0 950ms=0 1000ms=0 1050ms=0 1100ms=0 1150ms=0 1200ms=0 1250ms=0 1300ms=0 1350ms=0 1400ms=0 1450ms=0 1500ms=0 1550ms=0 1600ms=0 1650ms=0 1700ms=0 1750ms=0 1800ms=0 1850ms=0 1900ms=0 1950ms=0 2000ms=0 2050ms=0 2100ms=0 2150ms=0 2200ms=0 2250ms=0 2300ms=0 2350ms=0 2400ms=0 2450ms=0 2500ms=0 2550ms=0 2600ms=0 2650ms=0 2700ms=0 2750ms=0 2800ms=0 2850ms=0 2900ms=0 2950ms=0 3000ms=0 3050ms=0 3100ms=0 3150ms=0 3200ms=0 3250ms=0 3300ms=0 3350ms=0 3400ms=0 3450ms=0 3500ms=0 3550ms=0 3600ms=0 3650ms=0 3700ms=0 3750ms=0 3800ms=0 3850ms=0 3900ms=0 3950ms=0 4000ms=0 4050ms=0 4100ms=0 4150ms=0 4200ms=0 4250ms=0 4300ms=0 4350ms=0 4400ms=0 4450ms=0 4500ms=0 4550ms=0 4600ms=0 4650ms=0 4700ms=0 4750ms=0 4800ms=0 4850ms=0 4900ms=0 4950ms=0
50th gpu percentile: 2ms
90th gpu percentile: 4ms
95th gpu percentile: 5ms
99th gpu percentile: 12ms
GPU HISTOGRAM: 1ms=121 2ms=120 3ms=60 4ms=48 5ms=9 6ms=4 7ms=1 8ms=0 9ms=1 10ms=0 11ms=1 12ms=1 13ms=0 14ms=0 15ms=0 16ms=0 17ms=1 18ms=1 19ms=1 20ms=0 21ms=0 22ms=0 23ms=0 24ms=0 25ms=0 4950ms=0



---PROFILEDATA---
Flags,FrameTimelineVsyncId,IntendedVsync,Vsync,InputEventId,HandleInputStart,AnimationStart,PerformTraversalsStart,DrawStart,FrameDeadline,FrameStartTime,FrameInterval,WorkloadTarget,AnimationTime,AnimationCounter,SyncQueued,SyncStart,IssueDrawCommandsStart,SwapBuffers,FrameCompleted,DequeueBufferDuration,QueueBufferDuration,GpuCompleted,SwapBuffersCompleted,DisplayPresentTime,CommandSubmissionCompleted,
0,1703060,36580089254241,36580089254241,-435643862,36580089881507,36580089901242,36580089901852,36580089948117,36580122520234,36580089877641,16668244,16600000,36580089254241,-1,36580089999508,36580090265744,36580090290198,36580090543860,36580093548621,3743,135051,36580093548621,36580090702186,36580116361406,36580090543860,
0,1703067,36580105916126,36580105916126,0,36580107012733,36580107019202,36580107023271,36580107158403,36580139188478,36580106999630,16668523,16600000,36580105916126,-1,36580107300208,36580108165158,36580108311276,36580109304521,36580110145220,27954,643554,36580109711422,36580110145220,36580133030473,36580109304521,
0,1703074,36580122586537,36580122586537,0,36580123701290,36580123706051,36580123708981,36580123842241,36580155857001,36580123689043,16671348,16600000,36580122586537,-1,36580123979774,36580124749956,36580125010901,36580125980303,36580129979245,19125,366495,36580129979245,36580126713742,36580149683143,36580125980303,
0,1703081,36580139278026,36580139278026,0,36580139717404,36580139718747,36580139719682,36580139772173,36580172528349,36580139712480,16670384,16600000,36580139278026,-1,36580139827430,36580140876258,36580140964026,36580141803341,36580144415239,17700,833049,36580144415239,36580142774207,36580166375851,36580141803341,
0,1703088,36580155941587,36580155941587,0,36580156699907,36580156703569,36580156707191,36580156830726,36580189198733,36580156687619,16669860,16600000,36580155941587,-1,36580156953284,36580157544796,36580157622555,36580158899614,36580159888750,13875,839640,36580159259966,36580159888750,36580183079993,36580158899614,
0,1703095,36580172607958,36580172607958,-616381093,36580173180661,36580173182654,36580173184119,36580173244585,36580205868593,36580173174313,16667289,16600000,36580172607958,-1,36580173312659,36580173809079,36580173867957,36580174319292,36580176176917,13183,324503,36580176176917,36580174722449,36580199714555,36580174319292,
0,1703108,36580189258515,36580189258515,-891857522,36580189876746,36580192170773,36580192173743,36580192264848,36580222535882,36580189871497,16667195,16600000,36580189258515,-1,36580192344682,36580192926592,36580193038001,36580193653846,36580194526486,19410,431275,36580194526486,36580194230587,36580216425290,36580193653846,
0,1703121,36580205925710,36580205925710,-624300090,36580206598182,36580207928504,36580207930416,36580207981930,36580239203077,36580206591346,16672127,16600000,36580205925710,-1,36580208090003,36580208543494,36580208593543,36580208987871,36580210054969,10376,277629,36580210054969,36580209342933,36580233064694,36580208987871,
0,1703134,36580222639312,36580222639312,-592386706,36580223382565,36580224993608,36580224996131,36580225061601,36580255875204,36580223375566,16671331,16600000,36580222639312,-1,36580225128292,36580225598100,36580225656409,36580226117265,36580227342973,16764,299072,36580227342973,36580226495928,36580249734656,36580226117265,
0,1703147,36580239304049,36580239304049,-350826372,36580240257361,36580241200111,36580241201697,36580241253292,36580272546535,36580240251950,16673671,16600000,36580239304049,-1,36580241305294,36580241705441,36580241751787,36580242124427,36580245304440,10214,256347,36580245304440,36580242450192,36580266409380,36580242124427,
0,1703160,36580255998740,36580255998740,-94014357,36580256631507,36580257555783,36580257557777,36580257608354,36580289220206,36580256626136,16672821,16600000,36580255998740,-1,36580257658078,36580258069780,36580258111365,36580258562456,36580259481727,10945,368002,36580259481727,36580259005897,36580283127072,36580258562456,
0,1703173,36580272663890,36580272663890,-298268704,36580273479082,36580274620277,36580274621986,36580274683021,36580305893027,36580273473263,16673825,16600000,36580272663890,-1,36580274743201,36580275157671,36580275218828,36580275604855,36580278869992,11637,273153,36580278869992,36580275948279,36580299764401,36580275604855,
0,1703186,36580289342750,36580289342750,-599812098,36580290134071,36580291353024,36580291354489,36580291408485,36580322566852,36580290125851,16673160,16600000,36580289342750,-1,36580291461463,36580291797116,36580291857337,36580292399696,36580293743568,11841,351522,36580293743568,36580292819862,36580316413530,36580292399696,
0,1703199,36580306009646,36580306009646,-2639375,36580306685259,36580308161780,36580308164669,36580308250566,36580339240012,36580306679684,16674520,16600000,36580306009646,-1,36580308334510,36580308878577,36580308927283,36580309328284,36580311330726,10579,267822,36580311330726,36580309671872,36580333148760,36580309328284,
0,1703212,36580322698910,36580322698910,-748549780,36580323310991,36580324574866,36580324576657,36580324639116,36580355914532,36580323305010,16674282,16600000,36580322698910,-1,36580324701413,36580325195106,36580325242428,36580325664018,36580329747352,10782,457642,36580329747352,36580326211992,36580349785478,36580325664018,
0,1703225,36580339369921,36580339369921,-241546576,36580340169349,36580341787472,36580341789100,36580341860674,36580372588814,36580340162391,16673252,16600000,36580339369921,-1,36580341929074,36580342458452,36580342519365,36580343083493,36580346244788,14567,388021,36580346244788,36580343558550,36580366417843,36580343083493,
0,1703238,36580356031147,36580356031147,-390711307,36580356923906,36580358702389,36580358704424,36580358772864,36580389262066,36580356915850,16674603,16600000,36580356031147,-1,36580358832882,36580359174232,36580359223467,36580359646562,36580361049069,9766,301229,36580361049069,36580360102902,36580383102007,36580359646562,
0,1703251,36580372720506,36580372720506,-570458549,36580373469764,36580374870765,36580374872311,36580374934852,36580405936669,36580373463213,16673339,16600000,36580372720506,-1,36580375020586,36580375452471,36580375563026,36580376207720,36580377524533,19653,374511,36580377524533,36580376677812,36580399788001,36580376207720,
0,1703264,36580389383692,36580389383692,-273817796,36580390084551,36580391381100,36580391382687,36580391455400,36580422610008,36580390078895,16671223,16600000,36580389383692,-1,36580391519650,36580392085649,36580392173459,36580392919227,36580394612545,25960,199137,36580394612545,36580393164303,36580416457272,36580392919227,
0,1703277,36580406033756,36580406033756,-1054551266,36580407209307,36580409424679,36580409428667,36580409545570,36580439281231,36580407197222,16671191,16600000,36580406033756,-1,36580409661943,36580410426185,36580410511105,36580411311764,36580411941688,22583,416748,36580411941688,36580411872189,36580433119381,36580411311764,
0,1703290,36580422701953,36580422701953,-784816452,36580424176470,36580424849891,36580424850461,36580424884233,36580455952422,36580424173296,16670288,16600000,36580422701953,-1,36580424918413,36580425503699,36580425567420,36580426346351,36580426812171,15706,371541,36580426744748,36580426812171,36580449778317,36580426346351,
0,1703303,36580439366162,36580439366162,-127790827,36580439906003,36580441808306,36580441811602,36580441929643,36580472622710,36580439894691,16670976,16600000,36580439366162,-1,36580442063962,36580442550656,36580442625200,36580443282142,36580445187253,18759,433756,36580445187253,36580443824622,36580466440630,36580443282142,
0,1703316,36580456042029,36580456042029,-724503884,36580456805091,36580458770545,36580458775102,36580458912025,36580489293686,36580456791623,16670025,16600000,36580456042029,-1,36580459052243,36580460218096,36580460300615,36580461143348,36580462944780,23519,480713,36580462944780,36580461748450,36580483110755,36580461143348,
0,1703329,36580472704219,36580472704219,-764933852,36580473363848,36580474078732,36580474079220,36580474113848,36580505963711,36580473360674,16668544,16600000,36580472704219,-1,36580474148760,36580474387285,36580474431515,36580474874997,36580476088783,10214,295898,36580476088783,36580475245684,36580499769284,36580474874997,
0,1703342,36580489360454,36580489360454,-231121435,36580490251177,36580491376746,36580491378740,36580491439735,36580522632255,36580490244910,16666956,16600000,36580489360454,-1,36580491499142,36580491966509,36580492080197,36580492545814,36580495849321,16764,397217,36580495849321,36580493030921,36580516495358,36580492545814,
0,1703355,36580506014639,36580506014639,-551258371,36580506574012,36580507054562,36580507055376,36580507088538,36580539299211,36580506571449,16666857,16600000,36580506014639,-1,36580507124997,36580507639971,36580507739010,36580508393551,36580509541908,16316,334025,36580509541908,36580508825192,36580533122881,36580508393551,
0,1703368,36580522680373,36580522680373,-1070728303,36580523315630,36580524776405,36580524778317,36580524833940,36580555966068,36580523310055,16666717,16600000,36580522680373,-1,36580524893267,36580525407752,36580525465288,36580525907874,36580527694495,13834,365397,36580527694495,36580526355872,36580549867225,36580525907874,
0,1703381,36580539344750,36580539344750,-621056945,36580539939653,36580541508298,36580541510006,36580541579058,36580572632785,36580539933957,16667284,16600000,36580539344750,-1,36580541645586,36580542212236,36580542293332,36580542776160,36580546559323,15543,318929,36580546559323,36580543187659,36580566428097,36580542776160,
0,1703394,36580556023621,36580556023621,-377785102,36580556550005,36580557072222,36580557073849,36580557134722,36580589300069,36580556547075,16667321,16600000,36580556023621,-1,36580557202064,36580557746090,36580557864661,36580558304440,36580561522051,13916,298869,36580561522051,36580558665646,36580583145667,36580558304440,
0,1703407,36580572691361,36580572691361,-76813890,36580573361447,36580575276852,36580575281247,36580575373857,36580605967390,36580573352292,16672304,16600000,36580572691361,-1,36580575468177,36580576123654,36580576257931,36580576797808,36580581192583,17049,392334,36580581192583,36580577329465,36580599810015,36580576797808,
0,1703420,36580589409300,36580589409300,-154429779,36580590514930,36580590597979,36580590600013,36580590703000,36580622639694,36580590498857,16669518,16600000,36580589409300,-1,36580590806922,36580591500037,36580591585649,36580592349484,36580594747148,13713,527303,36580594747148,36580592994666,36580616475827,36580592349484,
0,1703427,36580606050355,36580606050355,0,36580607391354,36580607395383,36580607398882,36580607731035,36580639309212,36580607376543,16669413,16600000,36580606050355,-1,36580607888953,36580608675290,36580608778724,36580609371009,36580611017371,19287,765055,36580611017371,36580610212725,36580633163856,36580609371009,
0,1703434,36580622719663,36580622719663,0,36580623810951,36580623813229,36580623815182,36580623896603,36580655978625,36580623801104,16669792,16600000,36580622719663,-1,36580623984453,36580625002235,36580625119056,36580626291257,36580627733395,21078,757650,36580627733395,36580627181271,36580649818967,36580626291257,
0,1703441,36580639391764,36580639391764,0,36580640510129,36580640512367,36580640514482,36580640606401,36580672648417,36580640501136,16670103,16600000,36580639391764,-1,36580640697791,36580641511878,36580641670855,36580642605954,36580645539344,24292,649617,36580645539344,36580643402178,36580666462521,36580642605954,
0,1703448,36580656062932,36580656062932,0,36580656705075,36580656708452,36580656711870,36580656838538,36580689318520,36580656693112,16670898,16600000,36580656062932,-1,36580656977170,36580657316484,36580657343584,36580657579912,36580658965288,6673,131023,36580658965288,36580657744463,36580683174639,36580657579912,
0,1703461,36580672740857,36580672740857,-994616877,36580673361040,36580673713416,36580673717892,36580673840003,36580705989418,36580673348996,16670587,16600000,36580672740857,-1,36580673969968,36580674629269,36580674752479,36580675455848,36580677157915,20427,474935,36580677157915,36580676119911,36580699826942,36580675455848,
0,1703474,36580689407957,36580689407957,-912009127,36580690376177,36580692527259,36580692530596,36580692616615,36580722660005,36580690368079,16668904,16600000,36580689407957,-1,36580692705848,36580693423418,36580693536781,36580694357419,36580695502642,24292,561930,36580695502642,36580695087887,36580716489173,36580694357419,
0,1703487,36580706060459,36580706060459,-558741613,36580706953244,36580709621538,36580709624834,36580709725298,36580739328909,36580706939531,16668974,16600000,36580706060459,-1,36580709817746,36580710651771,36580710808306,36580711648109,36580714934608,21362,601522,36580714934608,36580712425330,36580733160682,36580711648109,
0,1703500,36580722733114,36580722733114,-683730518,36580723548174,36580727314735,36580727320228,36580727492713,36580755997883,36580723536089,16667674,16600000,36580722733114,-1,36580727666135,36580728663490,36580728775876,36580729778399,36580731201128,26977,655273,36580731201128,36580730638099,36580749833900,36580729778399,
0,1703513,36580739392235,36580739392235,-327274542,36580740316810,36580741872881,36580741875363,36580741962725,36580772665557,36580740308916,16667673,16600000,36580739392235,-1,36580742043861,36580742907793,36580743021196,36580744436317,36580745092811,18107,487183,36580744524452,36580745092811,36580766542925,36580744436317,
0,1703526,36580756059896,36580756059896,-642841761,36580757196327,36580759632280,36580759636756,36580759755612,36580789333230,36580757185178,16667779,16600000,36580756059896,-1,36580759877275,36580760593462,36580760701413,36580761323971,36580762282997,17415,502686,36580762282997,36580761970944,36580783190874,36580761323971,
0,1703539,36580772729201,36580772729201,-934434573,36580773531328,36580776091956,36580776096961,36580776240842,36580806001009,36580773517209,16668044,16600000,36580772729201,-1,36580776384925,36580777288327,36580777415728,36580778360470,36580779075192,23397,552653,36580778952308,36580779075192,36580799911170,36580778360470,
0,1703552,36580789400248,36580789400248,-294916762,36580790163246,36580792506873,36580792507402,36580792541745,36580822669053,36580790152463,16670424,16600000,36580789400248,-1,36580792572262,36580793036496,36580793145667,36580793852780,36580794455197,14934,469442,36580794437700,36580794455197,36580816521359,36580793852780,
0,1703565,36580806094454,36580806094454,-212245330,36580806818438,36580808992917,36580808997230,36580809101804,36580839339477,36580806810503,16671064,16600000,36580806094454,-1,36580809214474,36580809647173,36580809741900,36580810190020,36580811816484,10580,321208,36580811816484,36580810619300,36580833201983,36580810190020,
0,1703578,36580822770968,36580822770968,-666992706,36580823489458,36580825104245,36580825106279,36580825175615,36580856010541,36580823483436,16673345,16600000,36580822770968,-1,36580825243486,36580826299354,36580826398109,36580827160886,36580828958615,19287,510661,36580828958615,36580827833656,36580849878293,36580827160886,
0,1703591,36580839467734,36580839467734,-23585786,36580840557818,36580843805051,36580843810218,36580843957272,36580872683886,36580840544634,16672708,16600000,36580839467734,-1,36580844452634,36580845186764,36580845285316,36580846262326,36580846877031,21647,468058,36580846822344,36580846877031,36580866557899,36580846262326,
0,1703604,36580856132143,36580856132143,-479256462,36580857149492,36580860902625,36580860905637,36580861002845,36580889356594,36580857138018,16673260,16600000,36580856132143,-1,36580861103024,36580862447303,36580862611122,36580863860633,36580864826209,22949,720053,36580864770301,36580864826209,36580883223955,36580863860633,
0,1703617,36580872807231,36580872807231,-103950887,36580874352007,36580876704546,36580876705848,36580876762367,36580906029854,36580874338213,16673391,16600000,36580872807231,-1,36580876814369,36580877501950,36580877619178,36580878345171,36580881783200,22583,457642,36580881783200,36580878937660,36580899863726,36580878345171,
0,1703630,36580889480086,36580889480086,-453983150,36580890156654,36580892101275,36580892102129,36580892130165,36580922703245,36580890146278,16672555,16600000,36580889480086,-1,36580892156613,36580892730954,36580892873003,36580893436113,36580895882606,15300,462525,36580895882606,36580894041379,36580916628252,36580893436113,
0,1703643,36580906146759,36580906146759,-538132454,36580906998654,36580910118690,36580910119829,36580910202959,36580939375800,36580906984942,16673094,16600000,36580906146759,-1,36580910289833,36580910668983,36580910737709,36580911176958,36580913659828,12818,415853,36580913659828,36580911659095,36580933217079,36580911176958,
0,1703656,36580922822655,36580922822655,-774470846,36580923557655,36580925870684,36580925871416,36580925907997,36580956048894,36580923546099,16671601,16600000,36580922822655,-1,36580925942705,36580926169431,36580926201372,36580926414914,36580928956174,5656,138387,36580928956174,36580926593747,36580949880327,36580926414914,
0,1703669,36580939478204,36580939478204,-798363572,36580940226193,36580942485226,36580942485877,36580942514523,36580972720495,36580940216672,16673412,16600000,36580939478204,-1,36580942543332,36580942753944,36580942786496,36580942975990,36580946361081,3987,124227,36580946361081,36580943130856,36580966549842,36580942975990,
0,1703682,36580956173665,36580956173665,-1035292544,36580956851682,36580959149289,36580959154335,36580959276201,36580989393907,36580956839312,16671478,16600000,36580956173665,-1,36580959397987,36580959753089,36580959792762,36580960099525,36580963557655,7446,157389,36580963557655,36580960316525,36580983268714,36580960099525,
0,1703695,36580972826658,36580972826658,-456133020,36580973909584,36580978077064,36580978083168,36580978283648,36581006065385,36580973894162,16669315,16600000,36580972826658,-1,36580978644976,36580979729245,36580979780026,36580980338783,36580981175046,11719,274048,36580981175046,36580980712399,36580999919593,36580980338783,
0,1703708,36580989476646,36580989476646,-395514439,36580990747718,36580991979489,36580991982582,36580992123044,36581022734700,36580990738889,16668862,16600000,36580989476646,-1,36580992206499,36580992520342,36580992574297,36580992870847,36580994268633,7853,180704,36580994268633,36580993099647,36581016552975,36580992870847,
0,1703721,36581006139585,36581006139585,-727461711,36581006789588,36581008820147,36581008820676,36581008857337,36581039403562,36581006779375,16669519,16600000,36581006139585,-1,36581008895016,36581009580848,36581009656003,36581010487424,36581011259437,21159,446004,36581011259437,36581011087196,36581033328163,36581010487424,
0,1703734,36581022818980,36581022818980,-741806083,36581023831988,36581025971880,36581025974891,36581026068926,36581056073081,36581023822792,16671461,16600000,36581022818980,-1,36581026152259,36581027202471,36581027291216,36581028091590,36581029086626,17538,561238,36581028995887,36581029086626,36581049888710,36581028091590,
0,1703747,36581039504798,36581039504798,-1046116172,36581040274859,36581042037147,36581042040809,36581042141883,36581072744542,36581040264523,16669497,16600000,36581039504798,-1,36581042268633,36581043145668,36581043240272,36581043879514,36581045549069,36418,665975,36581045549069,36581044738807,36581066542600,36581043879514,
0,1703772,36581072857551,36581072857551,-867630064,36581073442665,36581074956133,36581074959754,36581075078122,36581089457551,36581073434079,16670219,16600000,36581072857551,-1,36581075204302,36581075871905,36581075965899,36581076818926,36581077422808,27710,473836,36581077335202,36581077422808,36581099896359,36581076818926,
0,1703791,36581106177236,36581106177236,-706963467,36581106789304,36581106792640,36581106795407,36581106915362,36581122777236,36581106778236,16668446,16600000,36581106177236,-1,36581107045122,36581107343421,36581107381955,36581107658973,36581110101682,9074,198567,36581110101682,36581107899696,36581133267046,36581107658973,
0,1703798,36581122823816,36581122823816,0,36581123752805,36581123757687,36581123761472,36581123905677,36581139423816,36581123739214,16668446,16600000,36581122823816,-1,36581124143592,36581124536089,36581124572751,36581124908648,36581141205645,7812,226766,36581141205645,36581125177731,36581149957435,36581124908648,
0,1703805,36581139492262,36581139492262,0,36581140178220,36581140182207,36581140185910,36581140312090,36581172760708,36581140165606,16665248,16600000,36581139492262,-1,36581140439287,36581140800697,36581140874346,36581141289141,36581159011797,12451,284627,36581159011797,36581141639157,36581166616045,36581141289141,
0,1703813,36581156142639,36581156142639,0,36581157685259,36581157689287,36581157693031,36581157828203,36581189425956,36581157665524,16668290,16600000,36581156142639,-1,36581157959185,36581158320106,36581158391070,36581158746457,36581161612668,9522,380981,36581161612668,36581159207598,36581183361488,36581158746457,
0,1703820,36581172825990,36581172825990,0,36581173457313,36581173460487,36581173463661,36581173582435,36581206094246,36581173446367,16669004,16600000,36581172825990,-1,36581173702430,36581174638343,36581174677040,36581174974891,36581175979652,8016,146973,36581175979652,36581175164995,36581199922157,36581174974891,
0,1703833,36581189508008,36581189508008,-476970434,36581190421262,36581193825437,36581193826820,36581193888018,36581222763250,36581190405962,16668664,16600000,36581189508008,-1,36581193945635,36581194755734,36581194863075,36581195814857,36581196683672,23926,732544,36581196457842,36581196683672,36581216615191,36581195814857,
0,1703846,36581206176672,36581206176672,-75772802,36581207032305,36581208080726,36581208082191,36581208130287,36581239431914,36581207028806,16673289,16600000,36581206176672,-1,36581208175900,36581208477170,36581208519243,36581208856239,36581214120318,8504,284261,36581214120318,36581209213498,36581233292233,36581208856239,
0,1703859,36581222896616,36581222896616,-2490867,36581223492754,36581224482989,36581224484209,36581224528195,36581256105203,36581223489092,16672238,16600000,36581222896616,-1,36581224569943,36581224936236,36581224988278,36581225606564,36581229521848,8016,197754,36581229521848,36581225855181,36581249934242,36581225606564,
0,1703872,36581239552335,36581239552335,-588190029,36581240142412,36581240866696,36581240868080,36581240913286,36581272777441,36581240138994,16670663,16600000,36581239552335,-1,36581240949012,36581241342811,36581241408770,36581241723671,36581242914019,9602,216187,36581242914019,36581241996213,36581266802650,36581241723671,
0,1703885,36581256209619,36581256209619,-890535644,36581256696856,36581257545977,36581257547238,36581257595456,36581289448104,36581256693316,16670484,16600000,36581256209619,-1,36581257641314,36581257991330,36581258032386,36581258417355,36581260634966,10335,246948,36581260634966,36581258719683,36581283346636,36581258417355,
0,1703898,36581272888675,36581272888675,-698013350,36581273543129,36581274432411,36581274433632,36581274479001,36581306118588,36581273537961,16672741,16600000,36581272888675,-1,36581274523557,36581274837155,36581274872230,36581275194333,36581276528521,9115,254883,36581276528521,36581275507932,36581299944252,36581275194333,
0,1703911,36581289560600,36581289560600,-68745289,36581289936724,36581291329912,36581291331092,36581291374143,36581322791329,36581289933835,16678567,16600000,36581289560600,-1,36581291411822,36581291746294,36581291783241,36581292134681,36581294519854,9155,210693,36581294519854,36581292400632,36581316651161,36581292134681,
0,1703924,36581306302161,36581306302161,-544084532,36581306967364,36581307981198,36581307982622,36581308082191,36581339469896,36581306962359,16677732,16600000,36581306302161,-1,36581308124712,36581308529375,36581308580441,36581308911618,36581310701332,10742,224773,36581310701332,36581309200192,36581333300005,36581308911618,
0,1703937,36581322972851,36581322972851,-217293983,36581323657631,36581325073239,36581325074460,36581325122067,36581356147628,36581323652259,16672893,16600000,36581322972851,-1,36581325167071,36581325567014,36581325614987,36581325958778,36581327456784,10702,232585,36581327456784,36581326262733,36581349960690,36581325958778,
0,1703950,36581339597798,36581339597798,-48690413,36581340307289,36581341185259,36581341187497,36581341238645,36581372820521,36581340303789,16671817,16600000,36581339597798,-1,36581341284950,36581341880775,36581341920122,36581342266395,36581344480262,11149,268758,36581344480262,36581342603879,36581366639279,36581342266395,
0,1703963,36581356258140,36581356258140,-331590147,36581356898597,36581357860511,36581357862098,36581357917396,36581389492338,36581356895424,16669547,16600000,36581356258140,-1,36581357963783,36581358399574,36581358457273,36581358888181,36581360747434,11881,172729,36581360747434,36581359103879,36581383330482,36581358888181,
0,1703976,36581372905988,36581372905988,-1023395882,36581373486773,36581374552203,36581374553505,36581374600868,36581406161885,36581373482785,16667894,16600000,36581372905988,-1,36581374643308,36581375069903,36581375121986,36581375522662,36581377625404,12817,324382,36581377625404,36581375917600,36581400013425,36581375522662,
0,1703990,36581389557222,36581389557222,-493986311,36581390320106,36581391865557,36581391867225,36581391918291,36581422829779,36581390314532,16666310,16600000,36581389557222,-1,36581391963417,36581392455808,36581392502805,36581392891355,36581393898313,11841,278157,36581393898313,36581393234576,36581416647499,36581392891355,
0,1704004,36581406210777,36581406210777,-1054801547,36581406863726,36581408581744,36581408587888,36581408766151,36581439496089,36581406857338,16666924,16600000,36581406210777,-1,36581408945350,36581409853716,36581410089271,36581410925168,36581411641558,21769,375611,36581411641558,36581411414222,36581433294349,36581410925168,
0,1704017,36581422884660,36581422884660,-649656675,36581423519528,36581424582313,36581424583737,36581424628537,36581456163013,36581423514605,16667892,16600000,36581422884660,-1,36581424673988,36581425188026,36581425252194,36581426286700,36581429034095,7405,369466,36581429034095,36581426708697,36581450116696,36581426286700,
0,1704031,36581439564161,36581439564161,-538666905,36581440243243,36581440975909,36581440976804,36581441009275,36581472830905,36581440240109,16666002,16600000,36581439564161,-1,36581441041949,36581441291664,36581441316444,36581441564125,36581445203488,7284,217081,36581445203488,36581441822792,36581466629270,36581441564125,
0,1704046,36581456215565,36581456215565,-657042583,36581456743080,36581457319333,36581457320147,36581457358477,36581489496907,36581456738929,16663596,16600000,36581456215565,-1,36581457397662,36581457658526,36581457688921,36581457947222,36581460107907,8138,184611,36581460107907,36581458180865,36581483290850,36581457947222,
0,1704061,36581472859551,36581472859551,-198327150,36581473326128,36581473912147,36581473912595,36581473945391,36581506160503,36581473323687,16666041,16600000,36581472859551,-1,36581473974566,36581474295814,36581474325274,36581474608436,36581478090329,8789,197387,36581478090329,36581474844480,36581499951413,36581474608436,
0,1704076,36581489564650,36581489564650,-90848234,36581490250323,36581492207964,36581492208778,36581492250323,36581522826544,36581490237465,16664813,16600000,36581489564650,-1,36581492285316,36581493110959,36581493206133,36581493978309,36581495334104,19491,397054,36581495334104,36581494583737,36581516632403,36581493978309,
0,1704090,36581506215544,36581506215544,-968866746,36581506977251,36581507653724,36581507654620,36581507697873,36581539491357,36581506972694,16668589,16600000,36581506215544,-1,36581507739703,36581508090329,36581508153643,36581508463864,36581509906654,8097,209066,36581509906654,36581508725461,36581533309283,36581508463864,
0,1704103,36581522906243,36581522906243,-324061089,36581523570432,36581525331011,36581525334266,36581525438555,36581556159946,36581523560178,16667179,16600000,36581522906243,-1,36581525545367,36581525861569,36581525912758,36581526278440,36581527880612,13916,204915,36581527880612,36581526549883,36581549975502,36581526278440,
0,1704117,36581539556960,36581539556960,-473707248,36581539985471,36581541060951,36581541062050,36581541113116,36581572827125,36581539982460,16666420,16600000,36581539556960,-1,36581541164996,36581541651202,36581541705075,36581542132240,36581543639890,11312,358887,36581543639890,36581542572100,36581566652748,36581542132240,
0,1704132,36581556214778,36581556214778,-481747086,36581557168332,36581559309445,36581559312986,36581559417681,36581589493545,36581557155637,16665293,16600000,36581556214778,-1,36581559532427,36581559918861,36581559979611,36581560519935,36581561525673,13509,480143,36581561525673,36581561086382,36581583365598,36581560519935,
0,1704147,36581572871587,36581572871587,-1027663256,36581573485959,36581574856727,36581574858396,36581574919268,36581606158838,36581573479408,16663853,16600000,36581572871587,-1,36581574980344,36581575455320,36581575498248,36581575893348,36581577489377,12736,487182,36581577489377,36581576472206,36581599966224,36581575893348,
0,1704162,36581589525808,36581589525808,-515614684,36581590168007,36581590194537,36581590196246,36581590252195,36581622822691,36581590161700,16663259,16600000,36581589525808,-1,36581590316159,36581590849078,36581590904213,36581591384681,36581592956255,15625,360514,36581592956255,36581591828285,36581616647865,36581591384681,
0,1704170,36581606187954,36581606187954,0,36581607028236,36581607031654,36581607034502,36581607157753,36581639485950,36581607017453,16665461,16600000,36581606187954,-1,36581607270709,36581607923907,36581607981158,36581608526405,36581610891924,13998,353638,36581610891924,36581608963213,36581633412676,36581608526405,
0,1704178,36581622878466,36581622878466,0,36581623823931,36581623826739,36581623829180,36581623914914,36581656151411,36581623816363,16664938,16600000,36581622878466,-1,36581624066159,36581624715492,36581624800779,36581625427610,36581627208290,20101,349284,36581627208290,36581625863482,36581649998207,36581625427610,
0,1704186,36581639537476,36581639537476,0,36581640464597,36581640467974,36581640470497,36581640696734,36581672816349,36581640453773,16665200,16600000,36581639537476,-1,36581640801674,36581641380735,36581641429563,36581641876910,36581643408200,13753,328938,36581643408200,36581642284502,36581666648760,36581641876910,
0,1704194,36581656205416,36581656205416,0,36581657164019,36581657166501,36581657168780,36581657265419,36581689481549,36581657155678,16667653,16600000,36581656205416,-1,36581657364214,36581657943438,36581657993283,36581658406613,36581660919594,12451,299683,36581660919594,36581658787147,36581683412758,36581658406613,
0,1704201,36581672905248,36581672905248,0,36581673577634,36581673579994,36581673582720,36581673650307,36581706149202,36581673569984,16667518,16600000,36581672905248,-1,36581673727699,36581674346718,36581674404701,36581674923947,36581677530515,16195,384196,36581677530515,36581675419756,36581700024167,36581674923947,
0,1704208,36581689571236,36581689571236,0,36581690549110,36581690552121,36581690555254,36581690815508,36581722816720,36581690539792,16672020,16600000,36581689571236,-1,36581690920570,36581691530800,36581691708453,36581692325030,36581694419268,16195,382650,36581694419268,36581692814572,36581716668902,36581692325030,
0,1704215,36581706271817,36581706271817,0,36581707750201,36581707753700,36581707756996,36581707846758,36581739488740,36581707741127,16674182,16600000,36581706271817,-1,36581707939003,36581708598589,36581708677894,36581709272092,36581710263425,17741,375000,36581710263425,36581709746539,36581733334673,36581709272092,
0,1704222,36581722969182,36581722969182,0,36581724372393,36581724375364,36581724378212,36581724476519,36581756162922,36581724363767,16673089,16600000,36581722969182,-1,36581724570147,36581725270424,36581725350868,36581726074867,36581726914263,16643,438842,36581726914263,36581726614255,36581750078000,36581726074867,
0,1704229,36581739631528,36581739631528,0,36581740319496,36581740321856,36581740324297,36581740390460,36581772836011,36581740311236,16671295,16600000,36581739631528,-1,36581740455238,36581741170611,36581741252032,36581741900754,36581743778399,16968,515340,36581743778399,36581742607623,36581766719968,36581741900754,
0,1704236,36581756284193,36581756284193,0,36581757406125,36581757410927,36581757415850,36581757537880,36581789507306,36581757392046,16669675,16600000,36581756284193,-1,36581757669879,36581758590940,36581758697100,36581759575193,36581761690468,22054,571045,36581761690468,36581760301796,36581783382769,36581759575193,
0,1704243,36581772937586,36581772937586,0,36581773940712,36581773946164,36581773951332,36581774105792,36581806176981,36581773925616,16670805,16600000,36581772937586,-1,36581774271563,36581775475705,36581775815183,36581777099037,36581778053586,27181,556640,36581778053586,36581777746579,36581800049436,36581777099037,
0,1704250,36581789623529,36581789623529,0,36581790508013,36581790512571,36581790517250,36581790641843,36581822847786,36581790494830,16670750,16600000,36581789623529,-1,36581790838580,36581793058591,36581793156369,36581794229286,36581795644081,23722,1245646,36581795487912,36581795644081,36581816725339,36581794229286,
0,1704257,36581806295274,36581806295274,0,36581807099281,36581807103554,36581807107175,36581807226072,36581839518536,36581807088987,16672176,16600000,36581806295274,-1,36581807352658,36581807986610,36581808139361,36581809010170,36581809657468,15177,378296,36581809657468,36581809489011,36581833421547,36581809010170,
0,1704264,36581822976919,36581822976919,0,36581824124021,36581824126096,36581824128700,36581824214190,36581856190712,36581824116941,16670479,16600000,36581822976919,-1,36581824303749,36581825135211,36581825263059,36581826289914,36581827001991,23112,557699,36581826990191,36581827001991,36581850033404,36581826289914,
0,1704271,36581839634399,36581839634399,0,36581840609413,36581840612017,36581840614092,36581840690346,36581872861191,36581840602130,16669236,16600000,36581839634399,-1,36581840772784,36581841980873,36581842098956,36581842787270,36581844459633,16521,402507,36581844459633,36581843307696,36581866718992,36581842787270,
0,1704278,36581856295713,36581856295713,0,36581856969765,36581856972125,36581856974078,36581857053098,36581889530427,36581856962969,16673049,16600000,36581856295713,-1,36581857136391,36581857815264,36581857907509,36581858850421,36581859850868,19287,509440,36581859850868,36581859510455,36581883411741,36581858850421,
0,1704285,36581872999343,36581872999343,0,36581873813433,36581873818072,36581873822873,36581873952919,36581906203476,36581873800046,16671004,16600000,36581872999343,-1,36581874097165,36581874745399,36581874831825,36581875497312,36581877531288,20386,400106,36581877531288,36581876109413,36581900110715,36581875497312,
0,1704292,36581889649514,36581889649514,0,36581890553627,36581890558347,36581890563393,36581890695310,36581922874480,36581890540891,16668708,16600000,36581889649514,-1,36581890830198,36581891447670,36581891512001,36581892147987,36581894195513,15015,491292,36581894195513,36581892744260,36581916739255,36581892147987,
0,1704299,36581906300222,36581906300222,0,36581907070188,36581907074623,36581907079506,36581907211505,36581939543188,36581907056028,16669290,16600000,36581906300222,-1,36581907350665,36581908910927,36581909028074,36581910352862,36581911612668,26774,1090739,36581910893878,36581911612668,36581933420896,36581910352862,
0,1704306,36581922976107,36581922976107,0,36581923779742,36581923782590,36581923786456,36581923882851,36581956212478,36581923769569,16672726,16600000,36581922976107,-1,36581923985756,36581924590452,36581924695676,36581925281166,36581928094724,16764,516195,36581928094724,36581925894366,36581950058876,36581925281166,
0,1704313,36581939678854,36581939678854,0,36581940154701,36581940155393,36581940156044,36581940179604,36581972885204,36581940153399,16671036,16600000,36581939678854,-1,36581940203977,36581940666827,36581940704221,36581941138954,36581941599647,10986,282837,36581941599647,36581941512571,36581966744586,36581941138954,
0,1704320,36581956335328,36581956335328,0,36581957289467,36581957294960,36581957298419,36581957441282,36581989556240,36581957276690,16669389,16600000,36581956335328,-1,36581957584145,36581959864215,36581959968707,36581961224810,36581962451902,109538,762329,36581962451902,36581962236326,36581983401405,36581961224810,
0,1704327,36581972993534,36581972993534,0,36581973831622,36581973835894,36581973840655,36581973961708,36582006225629,36581973817950,16668516,16600000,36581972993534,-1,36581974095863,36581974763873,36581974850339,36581975587196,36581977195717,14404,959107,36581977195717,36581976643145,36582000061562,36581975587196,
0,1704334,36581989652155,36581989652155,0,36581990503822,36581990506996,36581990511350,36581990610675,36582022894145,36581990494016,16669395,16600000,36581989652155,-1,36581990721962,36581992071083,36581992202471,36581993587115,36581994133705,18595,382853,36581993922361,36581994133705,36582016731321,36581993587115,
0,1704341,36582006327382,36582006327382,0,36582007099688,36582007103106,36582007106565,36582007257281,36582039563540,36582007088987,16668543,16600000,36582006327382,-1,36582007378131,36582007757200,36582007796303,36582008145465,36582011851723,6429,219605,36582011851723,36582008408323,36582033431231,36582008145465,
0,1704348,36582022987508,36582022987508,0,36582023775388,36582023780271,36582023784747,36582023902138,36582056232083,36582023762489,16667310,16600000,36582022987508,-1,36582024113075,36582024376625,36582024407712,36582024603920,36582028104530,5127,142456,36582028104530,36582024777504,36580016355750,36582024603920,
0,1704355,36582039643471,36582039643471,0,36582040081052,36582040081622,36582040082029,36582040110390,36582072899393,36582040078570,16666532,16600000,36582039643471,-1,36582040137082,36582040826536,36582040908933,36582041826332,36582042468870,18392,467285,36582042124672,36582042468870,36580032985999,36582041826332,
0,1704363,36582056303245,36582056303245,0,36582057023638,36582057027952,36582057032631,36582057144407,36582089565925,36582057011147,16668332,16600000,36582056303245,-1,36582057268105,36582058094114,36582058183469,36582059009356,36582059719643,17904,586548,36582059577390,36582059719643,36580049702796,36582059009356,
0,1704370,36582072987819,36582072987819,0,36582073807655,36582073811765,36582073816322,36582073920855,36582106234257,36582073795815,16667016,16600000,36582072987819,-1,36582074037554,36582074658323,36582074748573,36582075478879,36582076623492,19450,458659,36582076623492,36582076157753,36580066330807,36582075478879,
0,1704377,36582089646147,36582089646147,0,36582090571897,36582090576210,36582090581052,36582090691160,36582122901273,36582090559568,16665569,16600000,36582089646147,-1,36582090818113,36582092408201,36582092964556,36582093943357,36582095180539,28564,1065307,36582094494301,36582095180539,36580083010942,36582093943357,
0,1704385,36582106300268,36582106300268,0,36582107502886,36582107506304,36582107510089,36582107680214,36582139566842,36582107489377,16666867,16600000,36582106300268,-1,36582107850217,36582110023598,36582110174599,36582111967812,36582113127846,28564,814331,36582112857175,36582113127846,36580099685136,36582111967812,
---PROFILEDATA---


View hierarchy:

  org.ultimatemaps.spike.maplibre/org.ultimatemaps.spike.MainActivity/android.view.ViewRootImpl@5304d77
  10 views, 17,26 kB of render nodes


Total ViewRootImpl   : 1
Total attached Views : 10
Total RenderNode     : 17,26 kB (used) / 52,80 kB (capacity)

