Applications Graphics Acceleration Info:
Uptime: 36708711 Realtime: 36708711

** Graphics info for pid 14460 [org.ultimatemaps.spike.maplibre] **

Stats since: 36698978324477ns
Total frames rendered: 134
Janky frames: 0 (0.00%)
Janky frames (legacy): 0 (0.00%)
50th percentile: 5ms
90th percentile: 6ms
95th percentile: 7ms
99th percentile: 7ms
Number Missed Vsync: 0
Number High input latency: 0
Number Slow UI thread: 0
Number Slow bitmap uploads: 0
Number Slow issue draw commands: 0
Number Frame deadline missed: 0
Number Frame deadline missed (legacy): 0
HISTOGRAM: 5ms=118 6ms=8 7ms=7 8ms=0 9ms=0 10ms=0 11ms=0 12ms=0 13ms=1 14ms=0 15ms=0 16ms=0 17ms=0 18ms=0 19ms=0 20ms=0 21ms=0 22ms=0 23ms=0 24ms=0 25ms=0 26ms=0 27ms=0 28ms=0 29ms=0 30ms=0 31ms=0 32ms=0 34ms=0 36ms=0 38ms=0 40ms=0 42ms=0 44ms=0 46ms=0 48ms=0 53ms=0 57ms=0 61ms=0 65ms=0 69ms=0 73ms=0 77ms=0 81ms=0 85ms=0 89ms=0 93ms=0 97ms=0 101ms=0 105ms=0 109ms=0 113ms=0 117ms=0 121ms=0 125ms=0 129ms=0 133ms=0 150ms=0 200ms=0 250ms=0 300ms=0 350ms=0 400ms=0 450ms=0 500ms=0 550ms=0 600ms=0 650ms=0 700ms=0 750ms=0 800ms=0 850ms=0 900ms=0 950ms=0 1000ms=0 1050ms=0 1100ms=0 1150ms=0 1200ms=0 1250ms=0 1300ms=0 1350ms=0 1400ms=0 1450ms=0 1500ms=0 1550ms=0 1600ms=0 1650ms=0 1700ms=0 1750ms=0 1800ms=0 1850ms=0 1900ms=0 1950ms=0 2000ms=0 2050ms=0 2100ms=0 2150ms=0 2200ms=0 2250ms=0 2300ms=0 2350ms=0 2400ms=0 2450ms=0 2500ms=0 2550ms=0 2600ms=0 2650ms=0 2700ms=0 2750ms=0 2800ms=0 2850ms=0 2900ms=0 2950ms=0 3000ms=0 3050ms=0 3100ms=0 3150ms=0 3200ms=0 3250ms=0 3300ms=0 3350ms=0 3400ms=0 3450ms=0 3500ms=0 3550ms=0 3600ms=0 3650ms=0 3700ms=0 3750ms=0 3800ms=0 3850ms=0 3900ms=0 3950ms=0 4000ms=0 4050ms=0 4100ms=0 4150ms=0 4200ms=0 4250ms=0 4300ms=0 4350ms=0 4400ms=0 4450ms=0 4500ms=0 4550ms=0 4600ms=0 4650ms=0 4700ms=0 4750ms=0 4800ms=0 4850ms=0 4900ms=0 4950ms=0
50th gpu percentile: 2ms
90th gpu percentile: 5ms
95th gpu percentile: 5ms
99th gpu percentile: 6ms
GPU HISTOGRAM: 1ms=37 2ms=35 3ms=19 4ms=22 5ms=18 6ms=2 7ms=0 8ms=0 9ms=0 10ms=0 11ms=0 12ms=1 13ms=0 14ms=0 15ms=0 16ms=0 17ms=0 18ms=0 19ms=0 20ms=0 21ms=0 22ms=0 23ms=0 24ms=0 25ms=0 4950ms=0

Pipeline=Skia (Vulkan)
Memory policy:
  Max surface area: 2592000
  Max resource usage: 124.42MB (x48)
  Background retention: 50% (altUiHidden = true)
  GPU Context timeout: 10
Contexts: 1 (stopped = 0)
CPU Caches:
  Glyph Cache: 0.00 bytes (1 entry)
  Glyph Count: 0 
Total CPU memory usage:
  0 bytes, 0.00 bytes (0.00 bytes is purgeable)
GPU Caches:
  Other:
    Other: 0.00 bytes (1 entry)
  Image:
    Surface: 127.97 KB (3 entries)
  Scratch:
    Buffer Object: 192.00 KB (4 entries)
    Surface: 98.88 MB (23 entries)
Layer Info:
    VkLayer size 1080x2400
  Layers Total         10125.00 KB (numLayers = 1)
Total GPU memory usage:
  104007648 bytes, 99.19 MB (160.00 KB is purgeable)
Pipeline Cache: inactiveTextureView: 1080x2400

GraphicBufferAllocator buffers:
            Handle |         Size |     W (Stride) x H | Layers |   Format |      Usage | Requestor
0xb400007b0bdd8370 | 10200.00 KiB | 1080 (1088) x 2400 |      1 |        1 | 0x     b00 | VRI[MainActivity]#0(BLAST Consumer)0
0xb400007b0bdd9c30 | 10200.00 KiB | 1080 (1088) x 2400 |      1 |        1 | 0x     b00 | VRI[MainActivity]#0(BLAST Consumer)0
0xb400007b0be37f30 | 10200.00 KiB | 1080 (1088) x 2400 |      1 |        1 | 0x     b00 | VRI[MainActivity]#0(BLAST Consumer)0
0xb400007b0be3ab30 | 10200.00 KiB | 1080 (1088) x 2400 |      1 |        1 | 0x     b00 | VRI[MainActivity]#0(BLAST Consumer)0
0xb400007b0be7ed90 | 10200.00 KiB | 1080 (1088) x 2400 |      1 |        1 | 0x     300 | SurfaceTexture-0-14460-0
0xb400007b0be7f470 | 10200.00 KiB | 1080 (1088) x 2400 |      1 |        1 | 0x     b00 | VRI[MainActivity]#0(BLAST Consumer)0
0xb400007b0be82a10 | 10200.00 KiB | 1080 (1088) x 2400 |      1 |        1 | 0x     300 | SurfaceTexture-0-14460-0
0xb400007b0be84b10 | 10200.00 KiB | 1080 (1088) x 2400 |      1 |        1 | 0x     300 | SurfaceTexture-0-14460-0
0xb400007b0be84dd0 | 10200.00 KiB | 1080 (1088) x 2400 |      1 |        1 | 0x     300 | SurfaceTexture-0-14460-0
0xb400007b0be85e50 | 10200.00 KiB | 1080 (1088) x 2400 |      1 |        1 | 0x     300 | SurfaceTexture-0-14460-0
Total allocated by GraphicBufferAllocator (estimate): 102000.00 KB
Imported gralloc buffers:
Total imported by gralloc: 0KiB

Profile data in ms:

	org.ultimatemaps.spike.maplibre/org.ultimatemaps.spike.MainActivity/android.view.ViewRootImpl@5304d77 (visibility=0)
Window: org.ultimatemaps.spike.maplibre/org.ultimatemaps.spike.MainActivity
Stats since: 36698978323988ns
Total frames rendered: 134
Janky frames: 0 (0.00%)
Janky frames (legacy): 0 (0.00%)
50th percentile: 5ms
90th percentile: 6ms
95th percentile: 7ms
99th percentile: 7ms
Number Missed Vsync: 0
Number High input latency: 0
Number Slow UI thread: 0
Number Slow bitmap uploads: 0
Number Slow issue draw commands: 0
Number Frame deadline missed: 0
Number Frame deadline missed (legacy): 0
HISTOGRAM: 5ms=118 6ms=8 7ms=7 8ms=0 9ms=0 10ms=0 11ms=0 12ms=0 13ms=1 14ms=0 15ms=0 16ms=0 17ms=0 18ms=0 19ms=0 20ms=0 21ms=0 22ms=0 23ms=0 24ms=0 25ms=0 26ms=0 27ms=0 28ms=0 29ms=0 30ms=0 31ms=0 32ms=0 34ms=0 36ms=0 38ms=0 40ms=0 42ms=0 44ms=0 46ms=0 48ms=0 53ms=0 57ms=0 61ms=0 65ms=0 69ms=0 73ms=0 77ms=0 81ms=0 85ms=0 89ms=0 93ms=0 97ms=0 101ms=0 105ms=0 109ms=0 113ms=0 117ms=0 121ms=0 125ms=0 129ms=0 133ms=0 150ms=0 200ms=0 250ms=0 300ms=0 350ms=0 400ms=0 450ms=0 500ms=0 550ms=0 600ms=0 650ms=0 700ms=0 750ms=0 800ms=0 850ms=0 900ms=0 950ms=0 1000ms=0 1050ms=0 1100ms=0 1150ms=0 1200ms=0 1250ms=0 1300ms=0 1350ms=0 1400ms=0 1450ms=0 1500ms=0 1550ms=0 1600ms=0 1650ms=0 1700ms=0 1750ms=0 1800ms=0 1850ms=0 1900ms=0 1950ms=0 2000ms=0 2050ms=0 2100ms=0 2150ms=0 2200ms=0 2250ms=0 2300ms=0 2350ms=0 2400ms=0 2450ms=0 2500ms=0 2550ms=0 2600ms=0 2650ms=0 2700ms=0 2750ms=0 2800ms=0 2850ms=0 2900ms=0 2950ms=0 3000ms=0 3050ms=0 3100ms=0 3150ms=0 3200ms=0 3250ms=0 3300ms=0 3350ms=0 3400ms=0 3450ms=0 3500ms=0 3550ms=0 3600ms=0 3650ms=0 3700ms=0 3750ms=0 3800ms=0 3850ms=0 3900ms=0 3950ms=0 4000ms=0 4050ms=0 4100ms=0 4150ms=0 4200ms=0 4250ms=0 4300ms=0 4350ms=0 4400ms=0 4450ms=0 4500ms=0 4550ms=0 4600ms=0 4650ms=0 4700ms=0 4750ms=0 4800ms=0 4850ms=0 4900ms=0 4950ms=0
50th gpu percentile: 2ms
90th gpu percentile: 5ms
95th gpu percentile: 5ms
99th gpu percentile: 6ms
GPU HISTOGRAM: 1ms=37 2ms=35 3ms=19 4ms=22 5ms=18 6ms=2 7ms=0 8ms=0 9ms=0 10ms=0 11ms=0 12ms=1 13ms=0 14ms=0 15ms=0 16ms=0 17ms=0 18ms=0 19ms=0 20ms=0 21ms=0 22ms=0 23ms=0 24ms=0 25ms=0 4950ms=0



---PROFILEDATA---
Flags,FrameTimelineVsyncId,IntendedVsync,Vsync,InputEventId,HandleInputStart,AnimationStart,PerformTraversalsStart,DrawStart,FrameDeadline,FrameStartTime,FrameInterval,WorkloadTarget,AnimationTime,AnimationCounter,SyncQueued,SyncStart,IssueDrawCommandsStart,SwapBuffers,FrameCompleted,DequeueBufferDuration,QueueBufferDuration,GpuCompleted,SwapBuffersCompleted,DisplayPresentTime,CommandSubmissionCompleted,
0,1734740,36699197081499,36699197081499,0,36699197787693,36699197791355,36699197793959,36699198060683,36699213681499,36699197778375,16666240,16600000,36699197081499,-1,36699198232883,36699198807509,36699198897149,36699199582045,36699202065851,23234,620931,36699202065851,36699200295790,36699224143121,36699199582045,
0,1734748,36699213734342,36699213734342,0,36699214300104,36699214303033,36699214305556,36699214423272,36699230334342,36699214291070,16667444,16600000,36699213734342,-1,36699214546116,36699215440484,36699215549941,36699216599705,36699217349827,21037,324992,36699217349827,36699216983168,36699240842340,36699216599705,
0,1734755,36699230410714,36699230410714,0,36699231101983,36699231106052,36699231108494,36699231227675,36699247010714,36699231092096,16666394,16600000,36699230410714,-1,36699231352594,36699231611708,36699231645562,36699231944838,36699233194757,7690,178222,36699233194757,36699232156264,36699257504449,36699231944838,
0,1734763,36699247065208,36699247065208,0,36699247978123,36699247982232,36699247985040,36699248155654,36699263665208,36699247969659,16665494,16600000,36699247065208,-1,36699248276422,36699248528131,36699248560113,36699248807428,36699251774876,8341,153077,36699251774876,36699248990452,36699274160984,36699248807428,
0,1734771,36699263721129,36699263721129,0,36699264911310,36699264914972,36699264917657,36699265026300,36699280321129,36699264903497,16665505,16600000,36699263721129,-1,36699265142022,36699265745864,36699265812066,36699266444187,36699267987766,17333,391805,36699267987766,36699266943902,36699290827488,36699266444187,
0,1734779,36699280389253,36699280389253,0,36699281379042,36699281382582,36699281385227,36699281498468,36699296989253,36699281369236,16665171,16600000,36699280389253,-1,36699281624078,36699282245131,36699282368911,36699283251113,36699285709894,22054,1119670,36699285709894,36699284505995,36699307542983,36699283251113,
0,1734787,36699297053998,36699297053998,0,36699297776544,36699297781671,36699297784112,36699297904270,36699313653998,36699297766534,16665253,16600000,36699297053998,-1,36699298032525,36699298722263,36699298832981,36699299619928,36699301200657,19898,579549,36699301200657,36699300300673,36699324160943,36699299619928,
0,1734795,36699313720180,36699313720180,0,36699314354872,36699314359023,36699314361586,36699314469741,36699330320180,36699314344659,16665378,16600000,36699313720180,-1,36699314589044,36699315239109,36699315355523,36699316228530,36699317931370,18717,1051473,36699317931370,36699317365086,36699340862726,36699316228530,
0,1734803,36699330386873,36699330386873,0,36699330972670,36699330978041,36699330980320,36699331112644,36699346986873,36699330961765,16667086,16600000,36699330386873,-1,36699331250014,36699332280613,36699332360528,36699333107884,36699334991632,23194,374797,36699334991632,36699333569350,36699357509210,36699333107884,
0,1734810,36699347073387,36699347073387,0,36699347849054,36699347854832,36699347857395,36699348090021,36699363673387,36699347837864,16666717,16600000,36699347073387,-1,36699348252130,36699349010065,36699349097467,36699349809096,36699350748102,20874,490845,36699350748102,36699350446344,36699374351536,36699349809096,
0,1734817,36699363735922,36699363735922,0,36699364661554,36699364665135,36699364667291,36699364838312,36699380335922,36699364651463,16667334,16600000,36699363735922,-1,36699365021376,36699365775323,36699365870172,36699366658909,36699367728326,23316,481771,36699367728326,36699367264378,36699390871881,36699366658909,
0,1734824,36699380411426,36699380411426,0,36699381215794,36699381221287,36699381223810,36699381354750,36699397011426,36699381204807,16668479,16600000,36699380411426,-1,36699381494765,36699382185520,36699382288466,36699383103245,36699384460301,23925,452108,36699384460301,36699383635024,36699407601902,36699383103245,
0,1734831,36699397087890,36699397087890,0,36699398233535,36699398239109,36699398241632,36699398378839,36699413687890,36699398221897,16676035,16600000,36699397087890,-1,36699398556777,36699399280043,36699399381118,36699401353408,36699401962945,22379,475708,36699401833469,36699401962945,36699424213434,36699401353408,
0,1734838,36699413840762,36699413840762,0,36699414669936,36699414674046,36699414676609,36699414807713,36699430440762,36699414659886,16676221,16600000,36699413840762,-1,36699414957696,36699415475030,36699415569106,36699416580255,36699418810439,16154,694214,36699418810439,36699417493219,36699440871433,36699416580255,
0,1734845,36699430511949,36699430511949,0,36699431551080,36699431557102,36699431559869,36699431776422,36699447111949,36699431537246,16677296,16600000,36699430511949,-1,36699431959487,36699432724135,36699432833469,36699433849420,36699435083592,21403,502075,36699435083592,36699434486383,36699457610406,36699433849420,
0,1734852,36699447199275,36699447199275,0,36699447968235,36699447970880,36699447973118,36699448158502,36699463799275,36699447959894,16675370,16600000,36699447199275,-1,36699448267104,36699448992649,36699449106785,36699450114720,36699450962579,22339,577759,36699450962579,36699450793797,36699474192967,36699450114720,
0,1734859,36699463853504,36699463853504,0,36699464564589,36699464569025,36699464571181,36699464714288,36699480453504,36699464552667,16674099,16600000,36699463853504,-1,36699464873346,36699465591974,36699465713067,36699466637791,36699468379734,25960,467041,36699468379734,36699467396661,36699490878798,36699466637791,
0,1734866,36699480510521,36699480510521,0,36699481720229,36699481723240,36699481725275,36699481809381,36699497110521,36699481711562,16675198,16600000,36699480510521,-1,36699481927586,36699482670506,36699482804498,36699483743097,36699485150771,24007,552449,36699485150771,36699484423273,36699507553888,36699483743097,
0,1734873,36699497196458,36699497196458,0,36699498083795,36699498088190,36699498091404,36699498234918,36699513796458,36699498069676,16671861,16600000,36699497196458,-1,36699498383030,36699499300104,36699499413344,36699501051040,36699501701959,23031,515014,36699501423151,36699501701959,36699524222915,36699501051040,
0,1734880,36699513834089,36699513834089,0,36699514630304,36699514632786,36699514635227,36699514724339,36699530434089,36699514623183,16669030,16600000,36699513834089,-1,36699514815118,36699515465143,36699515540419,36699516426284,36699517704889,22380,455973,36699517704889,36699517000340,36699540875950,36699516426284,
0,1734887,36699530478136,36699530478136,0,36699531486668,36699531492039,36699531495375,36699531665989,36699547078136,36699531472670,16668384,16600000,36699530478136,-1,36699531840387,36699532248061,36699532286717,36699532584324,36699536727309,9440,144816,36699536727309,36699532758844,36699557572117,36699532584324,
0,1734894,36699547139575,36699547139575,0,36699548098769,36699548103896,36699548107151,36699548262384,36699563739575,36699548082452,16665538,16600000,36699547139575,-1,36699548421523,36699549370009,36699549504287,36699551586155,36699552606663,20386,822387,36699551842218,36699552606663,36699574228693,36699551586155,
0,1734902,36699563784369,36699563784369,0,36699564799575,36699564805393,36699564809137,36699564973159,36699580384369,36699564786147,16663330,16600000,36699563784369,-1,36699565131850,36699566436822,36699566576430,36699568204197,36699570080458,24170,442627,36699570080458,36699568774632,36699590896621,36699568204197,
0,1734910,36699580431161,36699580431161,0,36699581260838,36699581265721,36699581268976,36699581424900,36699597031161,36699581248142,16661248,16600000,36699580431161,-1,36699581585219,36699581897272,36699581932387,36699582197931,36699586195612,6470,153971,36699586195612,36699582385919,36699607568984,36699582197931,
0,1734918,36699597083291,36699597083291,0,36699598026748,36699598033136,36699598036554,36699598193536,36699613683291,36699598012465,16662209,16600000,36699597083291,-1,36699598356704,36699598764052,36699598806289,36699599189671,36699599946222,12614,190999,36699599946222,36699599429539,36699624238458,36699599189671,
0,1734926,36699613756391,36699613756391,0,36699614771987,36699614777561,36699614781020,36699614936375,36699630356391,36699614759007,16665652,16600000,36699613756391,-1,36699615103774,36699615449518,36699615483331,36699615794895,36699619831923,6348,159709,36699619831923,36699615992405,36699640972182,36699615794895,
0,1734934,36699630450287,36699630450287,0,36699631147719,36699631151910,36699631155247,36699631284764,36699647050287,36699631136977,16666168,16600000,36699630450287,-1,36699631428603,36699632369155,36699632480279,36699633474583,36699634182998,22217,562216,36699634182998,36699634161839,36699657606215,36699633474583,
0,1734942,36699647122303,36699647122303,0,36699647716201,36699647720066,36699647723199,36699647825250,36699663722303,36699647706964,16667997,16600000,36699647122303,-1,36699647938369,36699649013279,36699649145196,36699650095839,36699653873183,20141,403483,36699653873183,36699650594741,36699674267226,36699650095839,
0,1734949,36699663805241,36699663805241,0,36699664573541,36699664577936,36699664581639,36699664698785,36699680405241,36699664563450,16670095,16600000,36699663805241,-1,36699664820815,36699665908828,36699665995782,36699667014215,36699670821425,19857,335652,36699670821425,36699667467706,36699690954889,36699667014215,
0,1734956,36699680500234,36699680500234,0,36699682072524,36699682078750,36699682083185,36699682256850,36699697100234,36699682058160,16670631,16600000,36699680500234,-1,36699682461643,36699683240371,36699683305109,36699683824436,36699688450698,16235,340048,36699688450698,36699684231663,36699707581476,36699683824436,
0,1734963,36699713866386,36699713866386,0,36699714640110,36699714651788,36699714657892,36699714838597,36699730466386,36699714614028,16673509,16600000,36699713866386,-1,36699715037897,36699715370579,36699715422540,36699715819838,36699717386001,11719,245320,36699717386001,36699716118300,36699740929417,36699715819838,
0,1734970,36699730544847,36699730544847,0,36699731156671,36699731160415,36699731163955,36699731269464,36699747144847,36699731147434,16673509,16600000,36699730544847,-1,36699731379572,36699731998956,36699732173761,36699732994562,36699733509902,17293,428426,36699733413711,36699733509902,36699757610203,36699732994562,
0,1734977,36699747218356,36699747218356,0,36699749200861,36699749210870,36699749214899,36699749437189,36699763818356,36699749181655,16672392,16600000,36699747218356,-1,36699749709406,36699751613296,36699751863947,36699754908136,36699756862767,43864,1485067,36699755919448,36699756862767,36699774263483,36699754908136,
0,1734984,36699763875593,36699763875593,0,36699764397597,36699764398574,36699764399266,36699764442885,36699780475593,36699764394423,16670608,16600000,36699763875593,-1,36699764497573,36699764854262,36699764893121,36699765240533,36699768135105,7569,203450,36699768135105,36699765494643,36699790894912,36699765240533,
0,1734991,36699780543569,36699780543569,0,36699781285659,36699781289606,36699781293186,36699781413629,36699797143569,36699781274795,16670456,16600000,36699780543569,-1,36699781544326,36699782246149,36699782338312,36699783278213,36699794732558,22827,509155,36699794732558,36699783909438,36699807564630,36699783278213,
0,1734998,36699797210332,36699797210332,0,36699797896010,36699797900934,36699797904515,36699798032078,36699813810332,36699797883681,16669024,16600000,36699797210332,-1,36699798168146,36699798808120,36699798913995,36699799971613,36699805563898,21606,519735,36699805563898,36699800719497,36699824237929,36699799971613,
0,1735005,36699813864370,36699813864370,0,36699814707452,36699814712254,36699814716730,36699814839451,36699830464370,36699814694798,16667279,16600000,36699813864370,-1,36699814972426,36699815785455,36699815897638,36699816902684,36699820765151,24211,520792,36699820765151,36699817572931,36699840928440,36699816902684,
0,1735012,36699830504898,36699830504898,0,36699831466038,36699831471002,36699831476211,36699831639297,36699847104898,36699831446588,16665170,16600000,36699830504898,-1,36699831808974,36699832786391,36699832922418,36699833927830,36699834832493,26367,727946,36699834832493,36699834811578,36699857587173,36699833927830,
0,1735020,36699847155914,36699847155914,0,36699847748387,36699847750014,36699847750950,36699847804010,36699863755914,36699847743667,16663523,16600000,36699847155914,-1,36699847861993,36699848945612,36699849066014,36699849938328,36699852862848,22949,453980,36699852862848,36699850522841,36699874249770,36699849938328,
0,1735028,36699863795315,36699863795315,0,36699864518610,36699864522272,36699864526015,36699864650568,36699880395315,36699864508437,16662712,16600000,36699863795315,-1,36699864785577,36699865736709,36699865848973,36699866655125,36699869771295,21688,466471,36699869771295,36699867247288,36699890920180,36699866655125,
0,1735036,36699880461698,36699880461698,0,36699881272272,36699881277277,36699881280898,36699881414362,36699897061698,36699881258885,16664125,16600000,36699880461698,-1,36699881558242,36699882248427,36699882358209,36699883212701,36699887126561,21770,518555,36699887126561,36699883852350,36699907622166,36699883212701,
0,1735044,36699897143838,36699897143838,0,36699897898208,36699897903742,36699897907485,36699898058934,36699913743838,36699897885309,16664418,16600000,36699897143838,-1,36699898227594,36699899006850,36699899150975,36699900360610,36699903664402,25309,388346,36699903664402,36699900840916,36699924277887,36699900360610,
0,1735052,36699913800538,36699913800538,0,36699914711684,36699914716648,36699914720311,36699914865859,36699930400538,36699914699030,16664745,16600000,36699913800538,-1,36699915013605,36699915759414,36699915886692,36699916961725,36699921722467,22217,536418,36699921722467,36699917646946,36699940981134,36699916961725,
0,1735060,36699930474965,36699930474965,0,36699931345351,36699931350153,36699931355361,36699931485610,36699947074965,36699931333063,16667371,16600000,36699930474965,-1,36699931632542,36699932550348,36699932675633,36699933667576,36699935826797,24780,543416,36699935826797,36699934363540,36699957665053,36699933667576,
0,1735067,36699947161639,36699947161639,0,36699948237970,36699948243829,36699948248712,36699948415094,36699963761639,36699948221775,16668077,16600000,36699947161639,-1,36699948584161,36699949556980,36699949702244,36699951085097,36699955185358,30436,1254761,36699955185358,36699952522313,36699974408828,36699951085097,
0,1735074,36699963837247,36699963837247,0,36699964800633,36699964806045,36699964810968,36699964965753,36699980437247,36699964786635,16670533,16600000,36699963837247,-1,36699965135106,36699965986790,36699966110976,36699967218113,36699970953465,27343,661946,36699970953465,36699968418919,36699991036595,36699967218113,
0,1735081,36699980531556,36699980531556,0,36699981380060,36699981386245,36699981391006,36699981523126,36699997131556,36699981366632,16673933,16600000,36699980531556,-1,36699981667536,36699982668512,36699982806614,36699983841242,36699984947768,28728,970012,36699984563532,36699984947768,36700007739394,36699983841242,
0,1735088,36699997235093,36699997235093,0,36699998107518,36699998113051,36699998117731,36699998245864,36700013835093,36699998094985,16679307,16600000,36699997235093,-1,36699998386326,36699999346735,36699999470514,36700000302505,36700005906997,21484,411866,36700005906997,36700000821181,36700024348159,36700000302505,
0,1735095,36700013964925,36700013964925,0,36700015078384,36700015084690,36700015089817,36700015276056,36700030564925,36700015061294,16680566,16600000,36700013964925,-1,36700015463312,36700017522557,36700017741836,36700018989028,36700020485569,33611,1327189,36700020105809,36700020485569,36700041054092,36700018989028,
0,1735102,36700030655359,36700030655359,0,36700031277236,36700031282200,36700031285984,36700031412164,36700047255359,36700031265029,16682363,16600000,36700030655359,-1,36700031552301,36700032401056,36700032520319,36700033562311,36700036615493,24780,489746,36700036615493,36700034169529,36700057689508,36700033562311,
0,1735109,36700047353661,36700047353661,0,36700048353611,36700048358982,36700048363865,36700048532363,36700063953661,36700048339533,16681013,16600000,36700047353661,-1,36700048692601,36700049351780,36700049440566,36700050165542,36700052192153,18880,441244,36700052192153,36700050721246,36700074333633,36700050165542,
0,1735116,36700064016688,36700064016688,0,36700064713108,36700064718073,36700064722752,36700064844456,36700080616688,36700064700495,16681485,16600000,36700064016688,-1,36700064981948,36700065600763,36700065668878,36700066283421,36700068327244,17090,395874,36700068327244,36700066785618,36700091021946,36700066283421,
0,1735123,36700080698310,36700080698310,0,36700082129165,36700082134495,36700082139175,36700082265314,36700097298310,36700082115981,16679517,16600000,36700080698310,-1,36700082403945,36700083178888,36700083280206,36700084374160,36700085719049,23234,651896,36700085719049,36700085180638,36700107653986,36700084374160,
0,1735130,36700097354809,36700097354809,0,36700098182265,36700098187148,36700098191950,36700098331720,36700113954809,36700098168919,16675781,16600000,36700097354809,-1,36700098536798,36700099466893,36700099567357,36700100968032,36700101602757,22380,480672,36700101536269,36700101602757,36700124343805,36700100968032,
0,1735137,36700113992972,36700113992972,0,36700114787490,36700114792291,36700114797093,36700114936294,36700130592972,36700114775405,16672461,16600000,36700113992972,-1,36700115091242,36700116284560,36700116431940,36700117410171,36700118181045,24658,558757,36700118181045,36700118097142,36700140986709,36700117410171,
0,1735144,36700130636579,36700130636579,0,36700131422174,36700131426569,36700131431167,36700131563776,36700147236579,36700131409601,16668703,16600000,36700130636579,-1,36700131704319,36700133291885,36700133501845,36700135188694,36700135918227,22705,527791,36700135496108,36700135918227,36700157654189,36700135188694,
0,1735151,36700147270196,36700147270196,0,36700148161920,36700148166478,36700148171116,36700148299127,36700163870196,36700148148900,16665115,16600000,36700147270196,-1,36700148424616,36700149209975,36700149458470,36700150740086,36700151848403,19613,975179,36700151312230,36700151848403,36700174359918,36700150740086,
0,1735159,36700163908270,36700163908270,0,36700164528864,36700164529596,36700164530084,36700164564793,36700180508270,36700164525486,16661815,16600000,36700163908270,-1,36700164601658,36700165257542,36700165372329,36700166265517,36700168969822,21525,1253133,36700168969822,36700167650161,36700191002822,36700166265517,
0,1735167,36700180544052,36700180544052,0,36700181288955,36700181293553,36700181298110,36700181431655,36700197144052,36700181275609,16661670,16600000,36700180544052,-1,36700181575088,36700183092869,36700183253351,36700184755386,36700186638320,23723,820272,36700186638320,36700185974542,36700207757786,36700184755386,
0,1735175,36700197204076,36700197204076,0,36700198126561,36700198131850,36700198136733,36700198303807,36700213804076,36700198111627,16661005,16600000,36700197204076,-1,36700198480239,36700200221124,36700200828139,36700201643895,36700202506728,15299,390422,36700202506728,36700202150731,36700224342259,36700201643895,
0,1735183,36700213866262,36700213866262,0,36700214717381,36700214722589,36700214727147,36700214848525,36700230466262,36700214705459,16662367,16600000,36700213866262,-1,36700214985895,36700215857274,36700216070001,36700217071914,36700217785578,20548,562989,36700217637466,36700217785578,36700241037205,36700217071914,
0,1735191,36700230540958,36700230540958,0,36700231137344,36700231141819,36700231146499,36700231262344,36700247140958,36700231125706,16667567,16600000,36700230540958,-1,36700231390151,36700232320571,36700232419041,36700233345718,36700235146621,23926,573486,36700235146621,36700234049168,36700257713312,36700233345718,
0,1735198,36700247259099,36700247259099,0,36700248012588,36700248017348,36700248022028,36700248238418,36700263859099,36700248000421,16667101,16600000,36700247259099,-1,36700248372695,36700248797907,36700248835138,36700249138849,36700253562921,7527,211630,36700253562921,36700249394098,36700274369806,36700249138849,
0,1735205,36700263920918,36700263920918,0,36700264968195,36700264972793,36700264977350,36700265101414,36700280520918,36700264955703,16667713,16600000,36700263920918,-1,36700265236627,36700266171442,36700266324884,36700267568781,36700268420872,21891,680135,36700267956598,36700268420872,36700291051691,36700267568781,
0,1735212,36700280595426,36700280595426,0,36700281389744,36700281394180,36700281399388,36700281531305,36700297195426,36700281376642,16671173,16600000,36700280595426,-1,36700281674494,36700282425511,36700282526260,36700283657078,36700287256525,23316,627360,36700287256525,36700284419407,36700307705947,36700283657078,
0,1735219,36700297293441,36700297293441,0,36700298082331,36700298086725,36700298091364,36700298218724,36700313893441,36700298069676,16671138,16600000,36700297293441,-1,36700298358169,36700298726862,36700298756199,36700299026138,36700302963678,7121,168905,36700302963678,36700299233047,36700324368585,36700299026138,
0,1735226,36700313962789,36700313962789,0,36700315240534,36700315247899,36700315253839,36700315486017,36700330562789,36700315221613,16672419,16600000,36700313962789,-1,36700315734308,36700317479873,36700317710057,36700319206598,36700323274022,39836,854981,36700323274022,36700320268000,36700341047296,36700319206598,
0,1735233,36700330644105,36700330644105,0,36700331509943,36700331512466,36700331514663,36700331603245,36700347244105,36700331502659,16671441,16600000,36700330644105,-1,36700331699722,36700332396255,36700332464492,36700333130304,36700334103693,16398,327637,36700334103693,36700333547907,36700357754328,36700333130304,
0,1735240,36700347305810,36700347305810,0,36700348331395,36700348336929,36700348341445,36700348473078,36700363905810,36700348317886,16670997,16600000,36700347305810,-1,36700348725519,36700349254124,36700349330337,36700350416559,36700350832453,14404,328370,36700350657567,36700350832453,36700374444757,36700350416559,
0,1735247,36700363970324,36700363970324,0,36700364973851,36700364976536,36700364978734,36700365074111,36700380570324,36700364966201,16669763,16600000,36700363970324,-1,36700365174738,36700365920872,36700365990900,36700366536229,36700369911310,14974,328817,36700369911310,36700366955255,36700391046320,36700366536229,
0,1735254,36700380630317,36700380630317,0,36700382489598,36700382492609,36700382494847,36700382590998,36700397230317,36700382481338,16669694,16600000,36700380630317,-1,36700382689020,36700383247003,36700383305963,36700383960627,36700384514704,15300,410197,36700384514704,36700384473159,36700407715550,36700383960627,
0,1735261,36700397304672,36700397304672,0,36700398206964,36700398209772,36700398212295,36700398334894,36700413904672,36700398198013,16671615,16600000,36700397304672,-1,36700398529800,36700398863499,36700398902806,36700399185439,36700403718317,6551,168213,36700403718317,36700399396499,36700424414891,36700399185439,
0,1735268,36700413996659,36700413996659,0,36700414520360,36700414522638,36700414524469,36700414588719,36700430596659,36700414514175,16669359,16600000,36700413996659,-1,36700414658584,36700414913426,36700414945124,36700415144912,36700417036514,5940,138143,36700417036514,36700415313654,36700441014419,36700415144912,
0,1735275,36700430645518,36700430645518,0,36700431428481,36700431432672,36700431435521,36700431583755,36700447245518,36700431419570,16668637,16600000,36700430645518,-1,36700431687270,36700432089085,36700432125910,36700432375340,36700436166518,7162,168742,36700436166518,36700432580418,36700457825332,36700432375340,
0,1735282,36700447305973,36700447305973,0,36700448132624,36700448136042,36700448138931,36700448223363,36700463905973,36700448124770,16670277,16600000,36700447305973,-1,36700448316950,36700448548721,36700448576146,36700448815444,36700451802383,5575,168335,36700451802383,36700449018244,36700474434707,36700448815444,
0,1735289,36700463990106,36700463990106,0,36700464659560,36700464662734,36700464665908,36700464758926,36700480590106,36700464650527,16668139,16600000,36700463990106,-1,36700464859430,36700465127822,36700465150812,36700465361424,36700466341283,5249,118286,36700466341283,36700465509170,36700491188003,36700465361424,
0,1735296,36700480634013,36700480634013,0,36700481718114,36700481723200,36700481728286,36700481898086,36700497234013,36700481702692,16671539,16600000,36700480634013,-1,36700482080296,36700482784886,36700482845677,36700483647516,36700484581436,19043,574910,36700484581436,36700484355239,36700507784235,36700483647516,
0,1735303,36700497342864,36700497342864,0,36700498233250,36700498235448,36700498237075,36700498321995,36700513942864,36700498224868,16671789,16600000,36700497342864,-1,36700498421727,36700499097467,36700499196507,36700500079889,36700504266698,17985,440104,36700504266698,36700500619074,36700524485529,36700500079889,
0,1735310,36700514017314,36700514017314,0,36700514941177,36700514945775,36700514950413,36700515095555,36700530617314,36700514928115,16675608,16600000,36700514017314,-1,36700515253921,36700516386449,36700516481623,36700517183649,36700521296971,17416,482177,36700521296971,36700517787531,36700541044001,36700517183649,
0,1735317,36700530731620,36700530731620,0,36700531507542,36700531512181,36700531516209,36700531659357,36700547331620,36700531494237,16675201,16600000,36700530731620,-1,36700531812026,36700532924657,36700533082209,36700534144424,36700538198908,27465,584106,36700538198908,36700534888849,36700557719945,36700534144424,
0,1735324,36700547400945,36700547400945,0,36700548477106,36700548483047,36700548487848,36700548649388,36700564000945,36700548464004,16675396,16600000,36700547400945,-1,36700548813857,36700549716242,36700549857355,36700550869318,36700553456191,25797,631348,36700553456191,36700551661310,36700574368138,36700550869318,
0,1735331,36700564079209,36700564079209,0,36700564887588,36700564893610,36700564898534,36700565037327,36700580679209,36700564873875,16671801,16600000,36700564079209,-1,36700565187962,36700566197362,36700566352310,36700567606908,36700568789118,28606,630371,36700568789118,36700568504491,36700591074315,36700567606908,
0,1735338,36700580710269,36700580710269,0,36700581405410,36700581409845,36700581413426,36700581521296,36700597310269,36700581395116,16668787,16600000,36700580710269,-1,36700581642267,36700582433283,36700582569798,36700583698908,36700584582412,25472,645914,36700584582412,36700584498428,36700607722142,36700583698908,
0,1735345,36700597347255,36700597347255,0,36700598209365,36700598214207,36700598218887,36700598347183,36700613947255,36700598196670,16666683,16600000,36700597347255,-1,36700598491063,36700599775365,36700599932428,36700601876683,36700602971328,23845,532024,36700602094294,36700602971328,36700624402725,36700601876683,
0,1735352,36700613988816,36700613988816,0,36700615428685,36700615433568,36700615438451,36700615551813,36700630588816,36700615417048,16665406,16600000,36700613988816,-1,36700615679784,36700616556696,36700616656224,36700617555272,36700618577204,17211,568726,36700618577204,36700618262507,36700641076756,36700617555272,
0,1735360,36700630643779,36700630643779,0,36700631432550,36700631437189,36700631442072,36700631573460,36700647243779,36700631419530,16662286,16600000,36700630643779,-1,36700631712051,36700632455662,36700632566380,36700633638483,36700634695286,25635,482300,36700634695286,36700634269424,36700657755996,36700633638483,
0,1735368,36700647281355,36700647281355,0,36700648146825,36700648151341,36700648155939,36700648273289,36700663881355,36700648133804,16662557,16600000,36700647281355,-1,36700648389500,36700649670791,36700649808649,36700651329076,36700654029027,18595,863566,36700654029027,36700652379328,36700674408096,36700651329076,
0,1735376,36700663946984,36700663946984,0,36700665696467,36700665700983,36700665705744,36700665832290,36700680546984,36700665683324,16657311,16600000,36700663946984,-1,36700665966690,36700666599461,36700666783787,36700668254531,36700669796442,17212,962118,36700669796442,36700669411229,36700691095881,36700668254531,
0,1735384,36700680571607,36700680571607,0,36700681311294,36700681315729,36700681320531,36700681438451,36700697171607,36700681298599,16659167,16600000,36700680571607,-1,36700681594782,36700682512995,36700682616836,36700683510024,36700685278132,17782,588867,36700685278132,36700684245457,36700707761611,36700683510024,
0,1735392,36700697251810,36700697251810,0,36700698055882,36700698060724,36700698065526,36700698195490,36700713851810,36700698042902,16661058,16600000,36700697251810,-1,36700698331720,36700699254165,36700699391576,36700700682632,36700702559585,26978,617106,36700702559585,36700701495213,36700724447606,36700700682632,
0,1735400,36700713930932,36700713930932,0,36700714711278,36700714715591,36700714720230,36700714845311,36700730530932,36700714698135,16661902,16600000,36700713930932,-1,36700714982152,36700716196873,36700716343276,36700717665257,36700720636937,19206,879069,36700720636937,36700718692479,36700741082331,36700717665257,
0,1735408,36700730605617,36700730605617,0,36700732579808,36700732584080,36700732588678,36700732707860,36700747205617,36700732566909,16666077,16600000,36700730605617,-1,36700732835871,36700733631769,36700733787124,36700734966852,36700736179621,22421,478964,36700736179621,36700735640925,36700757753189,36700734966852,
0,1735416,36700747306875,36700747306875,0,36700748207290,36700748212376,36700748217015,36700748339330,36700763906875,36700748193944,16668692,16600000,36700747306875,-1,36700748446467,36700748856826,36700748913792,36700749267634,36700751708592,8667,196289,36700751708592,36700749512954,36700774447525,36700749267634,
0,1735423,36700763999438,36700763999438,0,36700764801122,36700764804336,36700764807835,36700764914728,36700780599438,36700764790908,16671596,16600000,36700763999438,-1,36700765035578,36700765355443,36700765388971,36700765663792,36700766634740,6551,169474,36700766634740,36700765878433,36700791108169,36700765663792,
0,1735430,36700780689790,36700780689790,0,36700781471776,36700781475763,36700781480361,36700781598322,36700797289790,36700781459365,16670943,16600000,36700780689790,-1,36700781727635,36700782024185,36700782063451,36700782329401,36700783804784,6470,154419,36700783804784,36700782523005,36700807789077,36700782329401,
0,1735437,36700797353024,36700797353024,0,36700798109959,36700798114028,36700798118464,36700798232233,36700813953024,36700798098119,16670282,16600000,36700797353024,-1,36700798361953,36700798669448,36700798709121,36700798985488,36700800370213,8016,163290,36700800370213,36700799191177,36700824449152,36700798985488,
0,1735444,36700814020026,36700814020026,0,36700814797704,36700814802505,36700814807429,36700814927627,36700830620026,36700814785863,16670630,16600000,36700814020026,-1,36700815064183,36700815408218,36700815448623,36700815766413,36700820104019,7813,194173,36700820104019,36700816044041,36700841118952,36700815766413,
0,1735451,36700830692820,36700830692820,0,36700831451187,36700831455378,36700831459894,36700831572118,36700847292820,36700831439142,16670433,16600000,36700830692820,-1,36700831696996,36700832996434,36700833118993,36700834097386,36700837901789,22623,782999,36700837901789,36700835050755,36700857812393,36700834097386,
0,1735458,36700847363194,36700847363194,0,36700848203465,36700848207901,36700848212458,36700848329401,36700863963194,36700848191869,16670147,16600000,36700847363194,-1,36700848458836,36700849328425,36700849607966,36700850717137,36700851570490,24048,682455,36700851427546,36700851570490,36700874450943,36700850717137,
0,1735465,36700864031012,36700864031012,0,36700864784723,36700864789118,36700864793919,36700864912043,36700880631012,36700864773005,16669992,16600000,36700864031012,-1,36700865039688,36700865859756,36700865960830,36700866867365,36700867626683,23600,628418,36700867595108,36700867626683,36700891474461,36700866867365,
0,1735472,36700880699722,36700880699722,0,36700882447118,36700882451431,36700882456192,36700882569880,36700897299722,36700882434911,16671143,16600000,36700880699722,-1,36700882693008,36700883518651,36700883640599,36700884786432,36700886030817,23234,518840,36700886030817,36700885506891,36700907814020,36700884786432,
0,1735479,36700897382024,36700897382024,0,36700898573867,36700898578954,36700898583958,36700898780207,36700913982024,36700898555557,16670155,16600000,36700897382024,-1,36700898982640,36700901512385,36700901720352,36700903067520,36700906385228,20997,823364,36700906385228,36700904184951,36700924494847,36700903067520,
0,1735486,36700914042875,36700914042875,0,36700915329076,36700915333470,36700915338190,36700915483820,36700930642875,36700915315567,16683553,16600000,36700914042875,-1,36700915632095,36700916793065,36700916909846,36700918030980,36700920181208,20996,525147,36700920181208,36700918723037,36700941180231,36700918030980,
0,1735493,36700930868371,36700930868371,0,36700931645685,36700931650528,36700931655492,36700931784927,36700947468371,36700931633031,16681681,16600000,36700930868371,-1,36700931916844,36700933013239,36700933162409,36700934420140,36700935288345,26408,689453,36700934977147,36700935288345,36700957816828,36700934420140,
0,1735500,36700947521621,36700947521621,0,36700948531916,36700948536066,36700948540461,36700948653986,36700964121621,36700948519383,16680864,16600000,36700947521621,-1,36700948776789,36700949727798,36700949882380,36700950914728,36700951529108,25554,484660,36700951306126,36700951529108,36700974482396,36700950914728,
0,1735507,36700964184462,36700964184462,0,36700964926651,36700964931086,36700964935806,36700965049820,36700980784462,36700964915298,16678986,16600000,36700964184462,-1,36700965172337,36700965938166,36700966038101,36700967110611,36700967706232,23193,465047,36700967381322,36700967706232,36700991146540,36700967110611,
0,1735514,36700980841446,36700980841446,0,36700981608373,36700981612564,36700981617284,36700981803360,36700997441446,36700981596369,16675456,16600000,36700980841446,-1,36700981989191,36700982688654,36700982789973,36700983825210,36700987045181,22258,574219,36700987045181,36700984531753,36701007831110,36700983825210,
0,1735521,36700997479881,36700997479881,0,36700998270930,36700998275568,36700998280126,36700998403823,36701014079881,36700998258723,16672698,16600000,36700997479881,-1,36700998528539,36700999588923,36700999736384,36701001117691,36701004144994,22908,408773,36701004144994,36701001681452,36701024521133,36701001117691,
0,1735528,36701014123253,36701014123253,0,36701015146906,36701015151708,36701015156428,36701015363174,36701030723253,36701015134089,16669324,16600000,36701014123253,-1,36701015500381,36701015809463,36701015846044,36701016156102,36701019406794,5249,166260,36701019406794,36701016362849,36701041200821,36701016156102,
0,1735535,36701030761064,36701030761064,0,36701031529312,36701031533788,36701031538508,36701031650080,36701047361064,36701031517471,16667018,16600000,36701030761064,-1,36701031771459,36701032147842,36701032194310,36701032444107,36701036512425,5982,160197,36701036512425,36701032641576,36701057849014,36701032444107,
0,1735542,36701047409327,36701047409327,0,36701048426040,36701048430394,36701048435073,36701048652277,36701064009327,36701048413793,16665017,16600000,36701047409327,-1,36701048847427,36701049119196,36701049145970,36701049382583,36701053386937,6063,154867,36701053386937,36701049576838,36701074536921,36701049382583,
0,1735550,36701064062983,36701064062983,0,36701064916966,36701064921524,36701064926162,36701065047744,36701080662983,36701064834976,16663156,16600000,36701064062983,-1,36701065250666,36701065623998,36701065652155,36701065893488,36701069969050,5412,157878,36701069969050,36701066087621,36701091190526,36701065893488,
0,1735558,36701080718792,36701080718792,0,36701081555476,36701081560155,36701081564549,36701081794611,36701097318792,36701081543675,16661229,16600000,36701080718792,-1,36701082028701,36701082289077,36701082315404,36701082557347,36701086628555,8382,158163,36701086628555,36701082752334,36701107849990,36701082557347,
0,1735566,36701097370204,36701097370204,0,36701098058527,36701098062678,36701098067276,36701098255060,36701113970204,36701098046646,16658585,16600000,36701097370204,-1,36701098509292,36701098792862,36701098830581,36701099087702,36701102881851,7081,168986,36701102881851,36701099295384,36701124507543,36701099087702,
0,1735574,36701114018918,36701114018918,0,36701114794530,36701114798802,36701114803563,36701114922297,36701130618918,36701114782526,16660146,16600000,36701114018918,-1,36701115049453,36701115464818,36701115501398,36701115795873,36701120097061,5737,156290,36701120097061,36701115988622,36699124161391,36701115795873,
0,1735582,36701130696756,36701130696756,0,36701131460952,36701131465225,36701131469782,36701131582779,36701147296756,36701131448501,16670370,16600000,36701130696756,-1,36701131704442,36701132078099,36701132105362,36701132392227,36701133512792,5045,168904,36701133512792,36701132597427,36699140864028,36701132392227,
0,1735589,36701147443544,36701147443544,0,36701148302871,36701148306940,36701148311376,36701148419204,36701164043544,36701148291153,16669724,16600000,36701147443544,-1,36701148538304,36701148814346,36701148840713,36701149114273,36701150372899,6022,144084,36701150372899,36701149293675,36699157527317,36701149114273,
0,1735596,36701164105132,36701164105132,0,36701164883072,36701164887222,36701164891698,36701165004125,36701180705132,36701164870824,16670337,16600000,36701164105132,-1,36701165126073,36701165481216,36701165521133,36701165792943,36701170256078,6673,174764,36701170256078,36701166003555,36699174143365,36701165792943,
0,1735603,36701180778199,36701180778199,0,36701181566950,36701181572972,36701181577204,36701181696833,36701197378199,36701181555313,16672633,16600000,36701180778199,-1,36701181821141,36701182759089,36701182908462,36701183975031,36701184876602,22461,653890,36701184341934,36701184876602,36699190838840,36701183975031,
0,1735610,36701197476471,36701197476471,0,36701198323094,36701198327367,36701198331924,36701198442520,36701214076471,36701198311335,16670043,16600000,36701197476471,-1,36701198562271,36701199311172,36701199401992,36701200533015,36701201390925,20142,705200,36701201054906,36701201390925,36699207476536,36701200533015,
---PROFILEDATA---


View hierarchy:

  org.ultimatemaps.spike.maplibre/org.ultimatemaps.spike.MainActivity/android.view.ViewRootImpl@5304d77
  10 views, 17,58 kB of render nodes


Total ViewRootImpl   : 1
Total attached Views : 10
Total RenderNode     : 17,58 kB (used) / 56,80 kB (capacity)

