Applications Graphics Acceleration Info:
Uptime: 36598774 Realtime: 36598774

** Graphics info for pid 13700 [org.ultimatemaps.spike.maplibre] **

Stats since: 36591778345502ns
Total frames rendered: 379
Janky frames: 2 (0.53%)
Janky frames (legacy): 0 (0.00%)
50th percentile: 5ms
90th percentile: 6ms
95th percentile: 7ms
99th percentile: 11ms
Number Missed Vsync: 0
Number High input latency: 133
Number Slow UI thread: 0
Number Slow bitmap uploads: 0
Number Slow issue draw commands: 2
Number Frame deadline missed: 2
Number Frame deadline missed (legacy): 0
HISTOGRAM: 5ms=314 6ms=40 7ms=15 8ms=5 9ms=1 10ms=0 11ms=2 12ms=0 13ms=0 14ms=0 15ms=0 16ms=0 17ms=0 18ms=0 19ms=1 20ms=1 21ms=0 22ms=0 23ms=0 24ms=0 25ms=0 26ms=0 27ms=0 28ms=0 29ms=0 30ms=0 31ms=0 32ms=0 34ms=0 36ms=0 38ms=0 40ms=0 42ms=0 44ms=0 46ms=0 48ms=0 53ms=0 57ms=0 61ms=0 65ms=0 69ms=0 73ms=0 77ms=0 81ms=0 85ms=0 89ms=0 93ms=0 97ms=0 101ms=0 105ms=0 109ms=0 113ms=0 117ms=0 121ms=0 125ms=0 129ms=0 133ms=0 150ms=0 200ms=0 250ms=0 300ms=0 350ms=0 400ms=0 450ms=0 500ms=0 550ms=0 600ms=0 650ms=0 700ms=0 750ms=0 800ms=0 850ms=0 900ms=0 950ms=0 1000ms=0 1050ms=0 1100ms=0 1150ms=0 1200ms=0 1250ms=0 1300ms=0 1350ms=0 1400ms=0 1450ms=0 1500ms=0 1550ms=0 1600ms=0 1650ms=0 1700ms=0 1750ms=0 1800ms=0 1850ms=0 1900ms=0 1950ms=0 2000ms=0 2050ms=0 2100ms=0 2150ms=0 2200ms=0 2250ms=0 2300ms=0 2350ms=0 2400ms=0 2450ms=0 2500ms=0 2550ms=0 2600ms=0 2650ms=0 2700ms=0 2750ms=0 2800ms=0 2850ms=0 2900ms=0 2950ms=0 3000ms=0 3050ms=0 3100ms=0 3150ms=0 3200ms=0 3250ms=0 3300ms=0 3350ms=0 3400ms=0 3450ms=0 3500ms=0 3550ms=0 3600ms=0 3650ms=0 3700ms=0 3750ms=0 3800ms=0 3850ms=0 3900ms=0 3950ms=0 4000ms=0 4050ms=0 4100ms=0 4150ms=0 4200ms=0 4250ms=0 4300ms=0 4350ms=0 4400ms=0 4450ms=0 4500ms=0 4550ms=0 4600ms=0 4650ms=0 4700ms=0 4750ms=0 4800ms=0 4850ms=0 4900ms=0 4950ms=0
50th gpu percentile: 2ms
90th gpu percentile: 4ms
95th gpu percentile: 4ms
99th gpu percentile: 8ms
GPU HISTOGRAM: 1ms=133 2ms=141 3ms=56 4ms=37 5ms=6 6ms=1 7ms=1 8ms=1 9ms=1 10ms=0 11ms=0 12ms=0 13ms=0 14ms=0 15ms=0 16ms=2 17ms=0 18ms=0 19ms=0 20ms=0 21ms=0 22ms=0 23ms=0 24ms=0 25ms=0 4950ms=0

Pipeline=Skia (Vulkan)
Memory policy:
  Max surface area: 2592000
  Max resource usage: 124.42MB (x48)
  Background retention: 50% (altUiHidden = true)
  GPU Context timeout: 10
Contexts: 1 (stopped = 0)
CPU Caches:
  Glyph Cache: 0.00 bytes (1 entry)
  Glyph Count: 0 
Total CPU memory usage:
  0 bytes, 0.00 bytes (0.00 bytes is purgeable)
GPU Caches:
  Other:
    Other: 0.00 bytes (1 entry)
  Image:
    Surface: 65.96 KB (2 entries)
  Scratch:
    Buffer Object: 64.00 KB (2 entries)
    Surface: 98.88 MB (22 entries)
Layer Info:
    VkLayer size 1080x2400
  Layers Total         10125.00 KB (numLayers = 1)
Total GPU memory usage:
  103813072 bytes, 99.00 MB (32.00 KB is purgeable)
Pipeline Cache: inactiveTextureView: 1080x2400

GraphicBufferAllocator buffers:
            Handle |         Size |     W (Stride) x H | Layers |   Format |      Usage | Requestor
0xb400007b0be37b10 | 10200.00 KiB | 1080 (1088) x 2400 |      1 |        1 | 0x     300 | SurfaceTexture-0-13700-0
0xb400007b0be37f30 | 10200.00 KiB | 1080 (1088) x 2400 |      1 |        1 | 0x     300 | SurfaceTexture-0-13700-0
0xb400007b0be38350 | 10200.00 KiB | 1080 (1088) x 2400 |      1 |        1 | 0x     300 | SurfaceTexture-0-13700-0
0xb400007b0be7c2f0 | 10200.00 KiB | 1080 (1088) x 2400 |      1 |        1 | 0x     300 | SurfaceTexture-0-13700-0
0xb400007b0be7e130 | 10200.00 KiB | 1080 (1088) x 2400 |      1 |        1 | 0x     300 | SurfaceTexture-0-13700-0
0xb400007b0be81990 | 10200.00 KiB | 1080 (1088) x 2400 |      1 |        1 | 0x     b00 | VRI[MainActivity]#0(BLAST Consumer)0
0xb400007b0be82a10 | 10200.00 KiB | 1080 (1088) x 2400 |      1 |        1 | 0x     b00 | VRI[MainActivity]#0(BLAST Consumer)0
0xb400007b0be83a90 | 10200.00 KiB | 1080 (1088) x 2400 |      1 |        1 | 0x     b00 | VRI[MainActivity]#0(BLAST Consumer)0
0xb400007b0be84b10 | 10200.00 KiB | 1080 (1088) x 2400 |      1 |        1 | 0x     b00 | VRI[MainActivity]#0(BLAST Consumer)0
0xb400007b0be85e50 | 10200.00 KiB | 1080 (1088) x 2400 |      1 |        1 | 0x     b00 | VRI[MainActivity]#0(BLAST Consumer)0
Total allocated by GraphicBufferAllocator (estimate): 102000.00 KB
Imported gralloc buffers:
Total imported by gralloc: 0KiB

Profile data in ms:

	org.ultimatemaps.spike.maplibre/org.ultimatemaps.spike.MainActivity/android.view.ViewRootImpl@5304d77 (visibility=0)
Window: org.ultimatemaps.spike.maplibre/org.ultimatemaps.spike.MainActivity
Stats since: 36591778343589ns
Total frames rendered: 379
Janky frames: 2 (0.53%)
Janky frames (legacy): 0 (0.00%)
50th percentile: 5ms
90th percentile: 6ms
95th percentile: 7ms
99th percentile: 11ms
Number Missed Vsync: 0
Number High input latency: 133
Number Slow UI thread: 0
Number Slow bitmap uploads: 0
Number Slow issue draw commands: 2
Number Frame deadline missed: 2
Number Frame deadline missed (legacy): 0
HISTOGRAM: 5ms=314 6ms=40 7ms=15 8ms=5 9ms=1 10ms=0 11ms=2 12ms=0 13ms=0 14ms=0 15ms=0 16ms=0 17ms=0 18ms=0 19ms=1 20ms=1 21ms=0 22ms=0 23ms=0 24ms=0 25ms=0 26ms=0 27ms=0 28ms=0 29ms=0 30ms=0 31ms=0 32ms=0 34ms=0 36ms=0 38ms=0 40ms=0 42ms=0 44ms=0 46ms=0 48ms=0 53ms=0 57ms=0 61ms=0 65ms=0 69ms=0 73ms=0 77ms=0 81ms=0 85ms=0 89ms=0 93ms=0 97ms=0 101ms=0 105ms=0 109ms=0 113ms=0 117ms=0 121ms=0 125ms=0 129ms=0 133ms=0 150ms=0 200ms=0 250ms=0 300ms=0 350ms=0 400ms=0 450ms=0 500ms=0 550ms=0 600ms=0 650ms=0 700ms=0 750ms=0 800ms=0 850ms=0 900ms=0 950ms=0 1000ms=0 1050ms=0 1100ms=0 1150ms=0 1200ms=0 1250ms=0 1300ms=0 1350ms=0 1400ms=0 1450ms=0 1500ms=0 1550ms=0 1600ms=0 1650ms=0 1700ms=0 1750ms=0 1800ms=0 1850ms=0 1900ms=0 1950ms=0 2000ms=0 2050ms=0 2100ms=0 2150ms=0 2200ms=0 2250ms=0 2300ms=0 2350ms=0 2400ms=0 2450ms=0 2500ms=0 2550ms=0 2600ms=0 2650ms=0 2700ms=0 2750ms=0 2800ms=0 2850ms=0 2900ms=0 2950ms=0 3000ms=0 3050ms=0 3100ms=0 3150ms=0 3200ms=0 3250ms=0 3300ms=0 3350ms=0 3400ms=0 3450ms=0 3500ms=0 3550ms=0 3600ms=0 3650ms=0 3700ms=0 3750ms=0 3800ms=0 3850ms=0 3900ms=0 3950ms=0 4000ms=0 4050ms=0 4100ms=0 4150ms=0 4200ms=0 4250ms=0 4300ms=0 4350ms=0 4400ms=0 4450ms=0 4500ms=0 4550ms=0 4600ms=0 4650ms=0 4700ms=0 4750ms=0 4800ms=0 4850ms=0 4900ms=0 4950ms=0
50th gpu percentile: 2ms
90th gpu percentile: 4ms
95th gpu percentile: 4ms
99th gpu percentile: 8ms
GPU HISTOGRAM: 1ms=133 2ms=141 3ms=56 4ms=37 5ms=6 6ms=1 7ms=1 8ms=1 9ms=1 10ms=0 11ms=0 12ms=0 13ms=0 14ms=0 15ms=0 16ms=2 17ms=0 18ms=0 19ms=0 20ms=0 21ms=0 22ms=0 23ms=0 24ms=0 25ms=0 4950ms=0



---PROFILEDATA---
Flags,FrameTimelineVsyncId,IntendedVsync,Vsync,InputEventId,HandleInputStart,AnimationStart,PerformTraversalsStart,DrawStart,FrameDeadline,FrameStartTime,FrameInterval,WorkloadTarget,AnimationTime,AnimationCounter,SyncQueued,SyncStart,IssueDrawCommandsStart,SwapBuffers,FrameCompleted,DequeueBufferDuration,QueueBufferDuration,GpuCompleted,SwapBuffersCompleted,DisplayPresentTime,CommandSubmissionCompleted,
0,1709392,36596342099799,36596342099799,-858001639,36596342937342,36596344544641,36596344547734,36596344653488,36596375400432,36596342930343,16667139,16600000,36596342099799,-1,36596344758834,36596345377120,36596345466923,36596345957117,36596346483973,16235,322062,36596346483973,36596346363733,36596369208623,36596345957117,
0,1709405,36596358764738,36596358764738,-809577698,36596359581385,36596361398116,36596361400639,36596361476526,36596392067571,36596359573572,16668027,16600000,36596358764738,-1,36596361549239,36596362065393,36596362120040,36596362694300,36596363305099,14892,361613,36596363305099,36596363146692,36596385873011,36596362694300,
0,1709418,36596375436719,36596375436719,-429221168,36596375999720,36596377460616,36596377462895,36596377538945,36596408735598,36596375994471,16668780,16600000,36596375436719,-1,36596377601241,36596378041630,36596378088953,36596378540613,36596380866134,13225,284871,36596380866134,36596378906661,36596402536910,36596378540613,
0,1709431,36596392107395,36596392107395,-355441573,36596392915939,36596393956181,36596393957361,36596393998092,36596425404378,36596392908899,16670311,16600000,36596392107395,-1,36596394039026,36596394591272,36596394695683,36596395290369,36596396584030,20386,279012,36596396584030,36596395653569,36596419197758,36596395290369,
0,1709444,36596408789406,36596408789406,-686606116,36596409468307,36596410972539,36596410974695,36596411040817,36596442074689,36596409462000,16669024,16600000,36596408789406,-1,36596411103642,36596411668706,36596411727299,36596412310551,36596412858037,15462,386637,36596412858037,36596412805709,36596435887212,36596412310551,
0,1709457,36596425449010,36596425449010,-659081413,36596426072107,36596427829920,36596427834599,36596428071538,36596458743713,36596426063440,16667291,16600000,36596425449010,-1,36596428233159,36596428684575,36596428740564,36596429176966,36596430231572,11230,283610,36596430231572,36596429525680,36596452511683,36596429176966,
0,1709470,36596442103974,36596442103974,-373082287,36596442875656,36596443942265,36596443943974,36596444054814,36596475411004,36596442869104,16667148,16600000,36596442103974,-1,36596444136113,36596444577845,36596444649744,36596445122238,36596446779464,14323,260539,36596446779464,36596445444340,36596469153243,36596445122238,
0,1709483,36596458769501,36596458769501,-879419362,36596459291630,36596460114832,36596460115768,36596460175216,36596492078152,36596459287602,16667824,16600000,36596458769501,-1,36596460240239,36596460561365,36596460600550,36596460922042,36596462182866,8667,197632,36596462182866,36596461164352,36596485832076,36596460922042,
0,1709497,36596475444975,36596475444975,-336983756,36596475866500,36596476629074,36596476629887,36596476671554,36596508745976,36596475860641,16665269,16600000,36596475444975,-1,36596476715052,36596476981491,36596477036178,36596477327438,36596478409754,8830,168823,36596478409754,36596477533208,36596502516972,36596477327438,
0,1709512,36596492088624,36596492088624,-1015450863,36596492502039,36596493111740,36596493112431,36596493153081,36596525411245,36596492496424,16663964,16600000,36596492088624,-1,36596493194463,36596494121790,36596494213099,36596494930669,36596495877324,19776,844360,36596495468836,36596495877324,36596519175949,36596494930669,
0,1709527,36596508737799,36596508737799,-1029789359,36596509261805,36596511307866,36596511311487,36596511432744,36596542075209,36596509251469,16661226,16600000,36596508737799,-1,36596511552617,36596511902023,36596511950729,36596512328252,36596513752894,9684,201498,36596513752894,36596512593673,36596535842208,36596512328252,
0,1709542,36596525377883,36596525377883,-805802194,36596525916671,36596526692103,36596526693405,36596526749720,36596558736435,36596525913090,16665157,16600000,36596525377883,-1,36596526802413,36596527578170,36596527665410,36596528712366,36596529426722,16316,444865,36596529426722,36596529250045,36596552508956,36596528712366,
0,1709557,36596542073810,36596542073810,-712802278,36596542946619,36596545352137,36596545356938,36596545494104,36596575401592,36596542934697,16664558,16600000,36596542073810,-1,36596545642745,36596546126876,36596546217981,36596547205245,36596547831181,147949,487752,36596547795089,36596547831181,36596569264490,36596547205245,
0,1709572,36596558734128,36596558734128,-76829335,36596559372319,36596561615361,36596561619227,36596562040939,36596592066150,36596559362187,16664616,16600000,36596558734128,-1,36596562171798,36596562833582,36596562879399,36596563496139,36596564087529,15341,354899,36596564087529,36596563968388,36596585867640,36596563496139,
0,1709587,36596575399401,36596575399401,-608015747,36596576064417,36596577925867,36596577930018,36596578058517,36596608730766,36596576056645,16664034,16600000,36596575399401,-1,36596578187423,36596578873987,36596578955449,36596579518641,36596580282353,14486,175659,36596580282353,36596579730636,36596602525395,36596579518641,
0,1709601,36596592059847,36596592059847,-990125706,36596593280441,36596595603439,36596595606084,36596595686772,36596625394800,36596593268071,16666797,16600000,36596592059847,-1,36596595753626,36596596193486,36596596228724,36596596843836,36596597413823,7935,331137,36596597413823,36596597279586,36596619200403,36596596843836,
0,1709614,36596608759611,36596608759611,-1721166,36596609503016,36596612298914,36596612301681,36596612414433,36596642061597,36596609490524,16667075,16600000,36596608759611,-1,36596612501144,36596613623499,36596613872360,36596614887537,36596616316370,28605,596720,36596616316370,36596615653569,36596635867925,36596614887537,
0,1709627,36596625429835,36596625429835,-392093798,36596626487472,36596626545618,36596626549280,36596626713465,36596658728672,36596626472132,16667599,16600000,36596625429835,-1,36596626882736,36596628788579,36596628939702,36596630198572,36596631605026,21932,1252726,36596630922083,36596631605026,36596652596562,36596630198572,
0,1709634,36596642100643,36596642100643,0,36596643024948,36596643029098,36596643032272,36596643176966,36596675396271,36596643012415,16669138,16600000,36596642100643,-1,36596643329879,36596644186691,36596644324467,36596645270919,36596647920333,22135,450806,36596647920333,36596645838343,36596669233525,36596645270919,
0,1709641,36596658780663,36596658780663,0,36596659274581,36596659276128,36596659277267,36596659326502,36596692065409,36596659269454,16668962,16600000,36596658780663,-1,36596659383346,36596660555018,36596660671066,36596662302942,36596663335169,31006,716513,36596663232060,36596663335169,36596685884241,36596662302942,
0,1709654,36596675485650,36596675485650,-314838810,36596676479497,36596680096318,36596680098190,36596680178838,36596708734371,36596676464157,16673294,16600000,36596675485650,-1,36596680263717,36596681054936,36596681139124,36596681968755,36596682683232,20548,433960,36596682683232,36596682541427,36596702580246,36596681968755,
0,1709667,36596692158944,36596692158944,-383712215,36596692856491,36596694531010,36596694534306,36596694649256,36596725407665,36596692848108,16672795,16600000,36596692158944,-1,36596694916427,36596695561365,36596695635950,36596696192754,36596697248296,12288,325154,36596697248296,36596696617558,36596719207321,36596696192754,
0,1709680,36596708827561,36596708827561,-759480526,36596709614954,36596711397140,36596711401657,36596711524337,36596742080460,36596709608200,16671674,16600000,36596708827561,-1,36596711647221,36596712418340,36596712487635,36596713401982,36596714814214,13712,345418,36596714814214,36596713860316,36596735925013,36596713401982,
0,1709693,36596725487925,36596725487925,-739992227,36596726233647,36596727682825,36596727684819,36596727757044,36596758752134,36596726225794,16672146,16600000,36596725487925,-1,36596727831222,36596728407557,36596728491989,36596729098068,36596729689336,14689,325480,36596729689336,36596729532516,36596752787724,36596729098068,
0,1709706,36596742164348,36596742164348,-557537458,36596742943486,36596744783371,36596744788416,36596745392542,36596775424280,36596742937912,16670302,16600000,36596742164348,-1,36596745576339,36596746376307,36596746475021,36596747108281,36596748790288,23844,1082967,36596748790288,36596748371912,36596769213831,36596747108281,
0,1709719,36596758816111,36596758816111,-1003721995,36596759551274,36596761536056,36596761540329,36596761662236,36596792094582,36596759540776,16670183,16600000,36596758816111,-1,36596761789759,36596762068771,36596762111414,36596762860275,36596764527755,8260,118042,36596764527755,36596763015996,36596785902999,36596762860275,
0,1709732,36596775488548,36596775488548,-694475264,36596775855880,36596776288864,36596776289637,36596776328374,36596808764765,36596775852951,16677029,16600000,36596775488548,-1,36596776369145,36596776603276,36596776640874,36596776908777,36596777823450,5290,241496,36596777823450,36596777190638,36596802587244,36596776908777,
0,1709745,36596792243483,36596792243483,-1028465419,36596793109583,36596794630172,36596794632736,36596794719650,36596825441794,36596793102218,16673780,16600000,36596792243483,-1,36596794807663,36596796103642,36596796234787,36596797519210,36596798422409,30436,742106,36596798093388,36596798422409,36596819247604,36596797519210,
0,1709758,36596808880439,36596808880439,-232900093,36596809687423,36596812263554,36596812269292,36596812408371,36596842115574,36596809676437,16674729,16600000,36596808880439,-1,36596812651901,36596813339808,36596813436284,36596814160080,36596814817347,18473,505859,36596814789962,36596814817347,36596835953008,36596814160080,
0,1709771,36596825553691,36596825553691,-440425416,36596826301274,36596827785080,36596827787765,36596827867477,36596858790303,36596826293177,16672769,16600000,36596825553691,-1,36596827949997,36596828778325,36596828894455,36596829730921,36596832187057,17863,920044,36596832187057,36596830848678,36596852601445,36596829730921,
0,1709784,36596842206892,36596842206892,-907323330,36596842815923,36596845070439,36596845074712,36596845193934,36596875463072,36596842805262,16670513,16600000,36596842206892,-1,36596845321212,36596846371953,36596846454106,36596847237716,36596850649704,19938,547078,36596850649704,36596847929489,36596869307296,36596847237716,
0,1709797,36596858856060,36596858856060,-316290184,36596859897303,36596862093022,36596862097986,36596862238449,36596892133585,36596859883997,16669456,16600000,36596858856060,-1,36596862417770,36596863128830,36596863226852,36596863901982,36596865527755,31291,583089,36596865527755,36596864653040,36596885973719,36596863901982,
0,1709810,36596875519775,36596875519775,-534632643,36596876474573,36596879146693,36596879151209,36596879275680,36596908803041,36596876463628,16669920,16600000,36596875519775,-1,36596879396774,36596880212611,36596880308476,36596881133143,36596882229171,22380,518595,36596882229171,36596881823694,36596902597417,36596881133143,
0,1709823,36596892191256,36596892191256,-79298049,36596892796391,36596894597498,36596894601323,36596894721400,36596925472961,36596892788172,16670506,16600000,36596892191256,-1,36596894838546,36596895605962,36596895681401,36596896549931,36596897275965,19124,576701,36596897182500,36596897275965,36596919282638,36596896549931,
0,1709836,36596908869638,36596908869638,-816227971,36596909870651,36596913110153,36596913115809,36596913271204,36596942143467,36596909855596,16669842,16600000,36596908869638,-1,36596913439946,36596914377934,36596914544479,36596915581955,36596916405726,25635,667155,36596916405726,36596916371261,36596935950729,36596915581955,
0,1709849,36596925537453,36596925537453,-507664506,36596926287806,36596926813685,36596926814824,36596926877365,36596958813309,36596926284062,16668233,16600000,36596925537453,-1,36596926935430,36596927310796,36596927404057,36596927738001,36596931582117,8545,292155,36596931582117,36596928083013,36596952622075,36596927738001,
0,1709863,36596942190265,36596942190265,-133044485,36596943035934,36596944841639,36596944842493,36596944884323,36596975481542,36596943026006,16665418,16600000,36596942190265,-1,36596944925745,36596945414881,36596945544276,36596945903325,36596948969284,12614,233276,36596948969284,36596946219365,36596969278773,36596945903325,
0,1709878,36596958836465,36596958836465,-503728231,36596959816696,36596961581182,36596961584030,36596961670456,36596992146960,36596959806890,16664451,16600000,36596958836465,-1,36596961758428,36596962442754,36596962560307,36596963350021,36596964435633,19369,426066,36596964435633,36596963894821,36596985967005,36596963350021,
0,1709893,36596975496089,36596975496089,-113303499,36596976472091,36596978779261,36596978783940,36596978910893,36597008811411,36596976461186,16665088,16600000,36596975496089,-1,36596979038579,36596979714564,36596979817062,36596980578252,36596982933843,20549,453206,36596982933843,36596981201380,36597002628463,36596980578252,
0,1709907,36596992168397,36596992168397,-761197544,36596992619512,36596993110885,36596993111780,36596993155563,36597025476499,36596992615321,16670179,16600000,36596992168397,-1,36596993203455,36596993499679,36596993548792,36596993834396,36596996912399,6429,172282,36596996912399,36596994051315,36597019274948,36596993834396,
0,1709920,36597008875446,36597008875446,-101191541,36597009657272,36597011907516,36597011912033,36597012121750,36597042146678,36597009644617,16669361,16600000,36597008875446,-1,36597012272873,36597012535364,36597012591598,36597012867762,36597013907475,7528,180908,36597013907475,36597013106776,36597035951502,36597012867762,
0,1709933,36597025539676,36597025539676,-796321067,36597026333664,36597028549809,36597028554814,36597028683802,36597058816039,36597026319992,16668695,16600000,36597025539676,-1,36597028813929,36597029103398,36597029162033,36597029442510,36597031555832,6754,182536,36597031555832,36597029676966,36597052641444,36597029442510,
0,1709946,36597042203450,36597042203450,-974453288,36597042980962,36597045340866,36597045341680,36597045384526,36597075484734,36597042968144,16666677,16600000,36597042203450,-1,36597045425745,36597045668218,36597045701746,36597045984868,36597050080205,7405,184205,36597050080205,36597046220871,36597069272059,36597045984868,
0,1709974,36597075519211,36597075519211,-860197794,36597076321619,36597078444585,36597078448979,36597078586797,36597092119211,36597076309250,16666619,16600000,36597075519211,-1,36597078730596,36597079663660,36597079787969,36597080736333,36597081471115,25024,406657,36597081471115,36597081261235,36597102633468,36597080736333,
0,1709989,36597092189215,36597092189215,-639002429,36597093146774,36597093205937,36597093209437,36597093395513,36597108789215,36597093131475,16666619,16600000,36597092189215,-1,36597093604375,36597094088669,36597094144943,36597094612228,36597097523890,14323,298706,36597097523890,36597094956629,36597119312464,36597094612228,
0,1709997,36597108855834,36597108855834,0,36597109437383,36597109438481,36597109439214,36597109483444,36597125455834,36597109432541,16666048,16600000,36597108855834,-1,36597109532394,36597109782760,36597109809128,36597110078252,36597111250534,8057,176757,36597111250534,36597110289434,36597135969894,36597110078252,
0,1710005,36597125514840,36597125514840,0,36597125901046,36597125902430,36597125903813,36597125948125,36597142114840,36597125896774,16667461,16600000,36597125514840,-1,36597125992436,36597126744796,36597126835373,36597127683273,36597131120448,21118,484498,36597131120448,36597128281947,36597152689336,36597127683273,
0,1710012,36597142211184,36597142211184,0,36597142959477,36597142963506,36597142966151,36597143106776,36597158811184,36597142947311,16668235,16600000,36597142211184,-1,36597143240524,36597143981898,36597144144088,36597144788538,36597146385218,18677,374349,36597146385218,36597145340133,36597169322555,36597144788538,
0,1710025,36597158886234,36597158886234,-1049923097,36597159397466,36597159592982,36597159594447,36597159658696,36597175486234,36597159391484,16668366,16600000,36597158886234,-1,36597159739344,36597160281825,36597160339401,36597160929896,36597161899785,17089,313151,36597161899785,36597161328822,36597186004969,36597160929896,
0,1710038,36597175554600,36597175554600,-208251922,36597176657191,36597178371261,36597178373337,36597178448328,36597192154600,36597176652145,16670680,16600000,36597175554600,-1,36597178506881,36597179140833,36597179266769,36597180175501,36597181726893,23722,421265,36597181726893,36597180720138,36597202667811,36597180175501,
0,1710051,36597192248012,36597192248012,-890091780,36597192893641,36597194368128,36597194370041,36597194435999,36597208848012,36597192888188,16670642,16600000,36597192248012,-1,36597194522059,36597194955775,36597195009933,36597195343877,36597196739141,9115,225667,36597196739141,36597195633021,36597219361089,36597195343877,
0,1710064,36597208916416,36597208916416,-1205938,36597209663864,36597210875493,36597210877731,36597210944585,36597225516416,36597209658045,16671894,16600000,36597208916416,-1,36597211005905,36597211482223,36597211534917,36597212344976,36597212803512,14933,336548,36597212633835,36597212803512,36597236011276,36597212344976,
0,1710077,36597225596494,36597225596494,-900845953,36597226165369,36597227367152,36597227369430,36597227434941,36597242196494,36597226159144,16672535,16600000,36597225596494,-1,36597227488327,36597227944300,36597227994837,36597228428431,36597231180059,52450,297689,36597231180059,36597228801722,36597252746383,36597228428431,
0,1710090,36597242270749,36597242270749,-653851305,36597242821986,36597244662887,36597244667526,36597244810267,36597258870749,36597242815231,16672993,16600000,36597242270749,-1,36597244975469,36597246360397,36597246742477,36597247526494,36597248654383,22298,1013997,36597248185145,36597248654383,36597269365321,36597247526494,
0,1710103,36597258947446,36597258947446,-757015205,36597259599574,36597261121872,36597261123581,36597261203740,36597275547446,36597259593633,16672671,16600000,36597258947446,-1,36597261278162,36597261835007,36597261890182,36597262394007,36597264414678,13631,290772,36597264414678,36597262752853,36597286019048,36597262394007,
0,1710116,36597275614499,36597275614499,-878923046,36597276330205,36597277799036,36597277800827,36597277866826,36597292214499,36597276322677,16676045,16600000,36597275614499,-1,36597277932703,36597278322108,36597278369512,36597278788091,36597280095830,13672,281820,36597280095830,36597279150802,36597302702926,36597278788091,
0,1710129,36597292319317,36597292319317,-416928645,36597293226038,36597295560674,36597295565679,36597295712244,36597308919317,36597293213587,16674616,16600000,36597292319317,-1,36597295869186,36597296769943,36597296884079,36597297608973,36597298281947,23722,462850,36597298281947,36597298228561,36597319353602,36597297608973,
0,1710142,36597308979231,36597308979231,-342105017,36597310039067,36597311984299,36597311986821,36597312174647,36597325579231,36597310030319,16673219,16600000,36597308979231,-1,36597312262660,36597312986740,36597313266118,36597314439458,36597315402145,20508,811279,36597315104416,36597315402145,36597336033412,36597314439458,
0,1710155,36597325637548,36597325637548,-271113773,36597325937139,36597326406051,36597326407109,36597326448166,36597342237548,36597325933965,16672380,16600000,36597325637548,-1,36597326490199,36597326736048,36597326781051,36597327093429,36597330111292,6673,186524,36597330111292,36597327325363,36597352755335,36597327093429,
0,1710168,36597342302032,36597342302032,-382015633,36597343018356,36597344702235,36597344705571,36597344813156,36597358902032,36597343011357,16671000,16600000,36597342302032,-1,36597344913579,36597345613530,36597345724574,36597346389369,36597347419316,22990,424967,36597347419316,36597346968755,36597369407557,36597346389369,
0,1710181,36597358959017,36597358959017,-96411556,36597359698817,36597361451624,36597361456019,36597361578293,36597375559017,36597359691655,16669419,16600000,36597358959017,-1,36597361700241,36597362923630,36597363012537,36597363846237,36597365077398,16276,750569,36597365077398,36597364697189,36597386101079,36597363846237,
0,1710194,36597375615958,36597375615958,-801840148,36597376474452,36597378704432,36597378708867,36597378850916,36597392215958,36597376462245,16671917,16600000,36597375615958,-1,36597379003097,36597379742355,36597379875859,36597380916468,36597381491094,21119,453979,36597381414678,36597381491094,36597402738571,36597380916468,
0,1710207,36597392311855,36597392311855,-112251049,36597393010584,36597395138718,36597395143234,36597395283127,36597408911855,36597392997197,16671879,16600000,36597392311855,-1,36597395426519,36597395862961,36597395917079,36597396375982,36597397316493,9766,229493,36597397316493,36597396670985,36597419379400,36597396375982,
0,1710232,36597425670512,36597425670512,-204959138,36597426310348,36597428365361,36597428369512,36597428491094,36597442270512,36597426298874,16672141,16600000,36597425670512,-1,36597428619146,36597428863856,36597428916916,36597429206507,36597430482956,10295,161621,36597430482956,36597429417079,36597452779424,36597429206507,
0,1710245,36597442334973,36597442334973,-822219292,36597442891403,36597443627162,36597443628545,36597443674810,36597458934973,36597442887375,16672141,16600000,36597442334973,-1,36597443722051,36597444216395,36597444289719,36597444970383,36597446515630,16398,359823,36597446515630,36597445405929,36597469426234,36597444970383,
0,1710258,36597459007114,36597459007114,-183751329,36597459725550,36597461837000,36597461841476,36597461984014,36597475607114,36597459712123,16671010,16600000,36597459007114,-1,36597462140508,36597462986577,36597463114385,36597464064662,36597465077560,31575,792155,36597464812708,36597465077560,36597486088872,36597464064662,
0,1710271,36597475663430,36597475663430,-799959517,36597476304570,36597476805466,36597476806524,36597476851608,36597492263430,36597476300542,16673912,16600000,36597475663430,-1,36597476900070,36597477286097,36597477328456,36597477609787,36597479133143,6755,184123,36597479133143,36597477833989,36597502855840,36597477609787,
0,1710284,36597492378074,36597492378074,-266082139,36597493158574,36597494430710,36597494431930,36597494479009,36597508978074,36597493153203,16673770,16600000,36597492378074,-1,36597494526535,36597494924443,36597494982915,36597495508469,36597498044072,13916,276245,36597498044072,36597495847580,36597519430750,36597495508469,
0,1710297,36597509046710,36597509046710,-398248038,36597509745488,36597511319219,36597511320480,36597511380132,36597525646710,36597509738693,16672464,16600000,36597509046710,-1,36597511438115,36597511797124,36597511857834,36597512391525,36597514830653,14363,219889,36597514830653,36597512688685,36597536256597,36597512391525,
0,1710310,36597525704858,36597525704858,-831816142,36597526432419,36597527742844,36597527744186,36597527805913,36597542304858,36597526423670,16675563,16600000,36597525704858,-1,36597527876592,36597528354334,36597528405848,36597528846034,36597530835454,13712,271200,36597530835454,36597529196131,36597552767949,36597528846034,
0,1710323,36597542413248,36597542413248,-927160746,36597543093877,36597544546677,36597544548182,36597544602422,36597559013248,36597543086268,16673102,16600000,36597542413248,-1,36597544650355,36597545053635,36597545102829,36597545530726,36597549169601,13835,291219,36597549169601,36597545896978,36597569446660,36597545530726,
0,1710336,36597559061111,36597559061111,-372291503,36597559923792,36597561351852,36597561355514,36597561470749,36597575661111,36597559916712,16676825,16600000,36597559061111,-1,36597561582647,36597562082118,36597562131719,36597562796188,36597564396408,11434,371298,36597564396408,36597563320969,36597586092331,36597562796188,
0,1710349,36597575781168,36597575781168,-939438926,36597576986496,36597577014206,36597577016118,36597577071742,36597592381168,36597576980474,16675567,16600000,36597575781168,-1,36597577141444,36597577656865,36597577715703,36597578143845,36597579309087,11474,315633,36597579309087,36597578535894,36597602762375,36597578143845,
0,1710356,36597592434762,36597592434762,0,36597593177739,36597593181198,36597593183517,36597593413905,36597609034762,36597593167282,16674036,16600000,36597592434762,-1,36597593516403,36597593982346,36597594025925,36597594499517,36597596936610,10701,401204,36597596936610,36597595006638,36597619427862,36597594499517,
0,1710363,36597609088461,36597609088461,0,36597609922450,36597609925868,36597609928716,36597610031865,36597625688461,36597609910772,16671717,16600000,36597609088461,-1,36597610133021,36597610689255,36597610734584,36597611100713,36597612647710,9928,271973,36597612647710,36597611440842,36597636101608,36597611100713,
0,1710370,36597625729549,36597625729549,0,36597626965744,36597626968755,36597626970749,36597627076177,36597642329549,36597626957077,16669899,16600000,36597625729549,-1,36597627173508,36597627782883,36597627854863,36597628343104,36597630322962,13387,395549,36597630322962,36597628815598,36597652792974,36597628343104,
0,1710377,36597642381182,36597642381182,0,36597642911138,36597642912806,36597642914149,36597642970342,36597658981182,36597642905685,16664690,16600000,36597642381182,-1,36597643029017,36597643527471,36597643579595,36597644089727,36597646482915,13794,267334,36597646482915,36597644436122,36597669447108,36597644089727,
0,1710385,36597659003564,36597659003564,0,36597659778488,36597659780441,36597659781581,36597659839890,36597675603564,36597659773809,16664387,16600000,36597659003564,-1,36597659904099,36597660486659,36597660542974,36597661048467,36597661620651,12939,262370,36597661620651,36597661382167,36597686121872,36597661048467,
0,1710393,36597675664718,36597675664718,0,36597676471359,36597676473963,36597676476446,36597676588710,36597692264718,36597676462163,16664325,16600000,36597675664718,-1,36597676696498,36597677419276,36597677460332,36597677894089,36597681608078,11189,280273,36597681608078,36597678256312,36597702801153,36597677894089,
0,1710401,36597692331925,36597692331925,0,36597693188848,36597693191900,36597693194585,36597693295049,36597708931925,36597693180303,16662783,16600000,36597692331925,-1,36597693401779,36597693980799,36597694027756,36597694443609,36597697662521,12532,291626,36597697662521,36597694817429,36597719467534,36597694443609,
0,1710409,36597708985682,36597708985682,0,36597709735682,36597709738897,36597709741379,36597709841232,36597725585682,36597709725550,16661224,16600000,36597708985682,-1,36597709947393,36597710188156,36597710218836,36597710777105,36597711135422,6104,148967,36597711135422,36597710960251,36597736205165,36597710777105,
0,1710417,36597725640288,36597725640288,0,36597726514491,36597726519170,36597726523605,36597726656377,36597742240288,36597726500860,16662692,16600000,36597725640288,-1,36597726790736,36597727796188,36597727929937,36597728456223,36597730145025,11597,316732,36597730145025,36597728862839,36597752814214,36597728456223,
0,1710425,36597742319618,36597742319618,0,36597743218430,36597743221034,36597743223231,36597743347254,36597758919618,36597743210373,16663933,16600000,36597742319618,-1,36597743439824,36597744218104,36597744266851,36597744778488,36597745299769,13754,317424,36597745299769,36597745178146,36597769475184,36597744778488,
0,1710433,36597758997865,36597758997865,0,36597759709966,36597759712530,36597759714523,36597759789149,36597775597865,36597759701909,16667200,16600000,36597758997865,-1,36597759870122,36597760556320,36597760618698,36597761140508,36597762005132,17416,403728,36597762005132,36597761659999,36597786154058,36597761140508,
0,1710440,36597775702091,36597775702091,0,36597776529465,36597776533086,36597776536341,36597776664027,36597792302091,36597776518601,16673342,16600000,36597775702091,-1,36597776790777,36597777418828,36597777486008,36597778100550,36597778635218,17253,369466,36597778635218,36597778574671,36597802839768,36597778100550,
0,1710447,36597792420153,36597792420153,0,36597793204147,36597793206507,36597793208501,36597793279221,36597809020153,36597793196823,16673594,16600000,36597792420153,-1,36597793353032,36597793984177,36597794046962,36597794711512,36597795225795,16561,367473,36597795225795,36597795177536,36597819515874,36597794711512,
0,1710454,36597809091591,36597809091591,0,36597809972946,36597809976934,36597809980026,36597810091761,36597825691591,36597809962530,16673161,16600000,36597809091591,-1,36597810201869,36597810875209,36597810972214,36597811572922,36597813690598,19247,396443,36597813690598,36597812175461,36597836254685,36597811572922,
0,1710461,36597825759288,36597825759288,0,36597826536097,36597826539393,36597826542608,36597826658859,36597842359288,36597826525436,16673182,16600000,36597825759288,-1,36597826770798,36597827380173,36597827461634,36597828000453,36597830281418,16520,368856,36597830281418,36597828566493,36597852809209,36597828000453,
0,1710468,36597842432604,36597842432604,0,36597843150477,36597843153977,36597843157435,36597843288335,36597859032604,36597843139491,16672972,16600000,36597842432604,-1,36597843401861,36597843972743,36597844098190,36597844609543,36597846330246,15503,338704,36597846330246,36597845048955,36597869496058,36597844609543,
0,1710475,36597859104610,36597859104610,0,36597859748500,36597859770310,36597859774053,36597859878911,36597875704610,36597859737473,16675243,16600000,36597859104610,-1,36597859984177,36597860658819,36597860787928,36597861601608,36597862622320,18432,423381,36597862622320,36597862137823,36597886173101,36597861601608,
0,1710482,36597875805608,36597875805608,0,36597876579107,36597876582769,36597876586105,36597876693568,36597892405608,36597876568487,16673252,16600000,36597875805608,-1,36597876811569,36597877528244,36597877620977,36597878302984,36597879763881,20589,886474,36597879763881,36597879330043,36597902807500,36597878302984,
0,1710489,36597892454712,36597892454712,0,36597893074509,36597893078008,36597893081426,36597893197312,36597909054712,36597893063604,16671355,16600000,36597892454712,-1,36597893303716,36597894221644,36597894330327,36597895012904,36597895723923,17985,419270,36597895723923,36597895551966,36597919485153,36597895012904,
0,1710496,36597909107437,36597909107437,0,36597909872279,36597909875656,36597909879074,36597909990158,36597925707437,36597909861252,16669883,16600000,36597909107437,-1,36597910102056,36597910767136,36597910830653,36597911391729,36597913220790,17985,379029,36597913220790,36597911884242,36597936162115,36597911391729,
0,1710503,36597925764389,36597925764389,0,36597926383957,36597926386643,36597926388718,36597926469121,36597942364389,36597926375453,16667384,16600000,36597925764389,-1,36597926553635,36597927323125,36597927432134,36597928234502,36597929297246,20386,441691,36597929297246,36597928792079,36597952791387,36597928234502,
0,1710510,36597942407843,36597942407843,0,36597943350632,36597943355026,36597943358566,36597943481532,36597959007843,36597943339035,16665251,16600000,36597942407843,-1,36597943608485,36597944399704,36597944495936,36597945209437,36597947214320,19084,547404,36597947214320,36597945879603,36597969474655,36597945209437,
0,1710518,36597959055715,36597959055715,0,36597959905238,36597959908168,36597959910121,36597959985357,36597975655715,36597959898280,16665322,16600000,36597959055715,-1,36597960147303,36597960898972,36597960979253,36597961713954,36597962459722,19857,414999,36597962459722,36597962248052,36597986135829,36597961713954,
0,1710526,36597975721841,36597975721841,0,36597976326340,36597976329351,36597976331792,36597976396978,36597992321841,36597976318243,16665280,16600000,36597975721841,-1,36597976464401,36597977253545,36597977351812,36597978014776,36597978767299,18798,410238,36597978767299,36597978538498,36598002808029,36597978014776,
0,1710534,36597992381900,36597992381900,0,36597993372401,36597993376551,36597993380132,36597993494064,36598008981900,36597993361211,16664012,16600000,36597992381900,-1,36597993611740,36597994323329,36597994442103,36597995240158,36597995781744,19246,420288,36597995699550,36597995781744,36598019471034,36597995240158,
0,1710542,36598009035408,36598009035408,0,36598009834641,36598009838384,36598009841965,36598009948573,36598025635408,36598009823939,16662377,16600000,36598009035408,-1,36598010059372,36598010692307,36598010781662,36598011448492,36598012555791,19002,404989,36598012555791,36598011957525,36598036142461,36598011448492,
0,1710550,36598025685261,36598025685261,0,36598026580734,36598026584234,36598026588181,36598026696294,36598042285261,36598026569870,16661428,16600000,36598025685261,-1,36598026950282,36598027637701,36598027712570,36598028402756,36598029882207,18229,425578,36598029882207,36598028947596,36598052843023,36598028402756,
0,1710558,36598042341461,36598042341461,0,36598043044317,36598043047735,36598043051560,36598043164922,36598058941461,36598043033819,16661160,16600000,36598042341461,-1,36598043284836,36598044180385,36598044238490,36598044920334,36598045425054,13834,400675,36598045319504,36598045425054,36598069496547,36598044920334,
0,1710566,36598059002725,36598059002725,0,36598059748907,36598059753220,36598059757126,36598059890915,36598075602725,36598059736293,16661606,16600000,36598059002725,-1,36598060126348,36598060804205,36598060902634,36598061666713,36598063926071,20955,1163452,36598063926071,36598062945074,36598086139735,36598061666713,
0,1710574,36598075670768,36598075670768,0,36598077012863,36598077016037,36598077019170,36598077130254,36598092270768,36598077002487,16665749,16600000,36598075670768,-1,36598077239873,36598077948166,36598078083176,36598078788417,36598079872360,20141,541137,36598079872360,36598079450323,36598102905523,36598078788417,
0,1710582,36598092373811,36598092373811,0,36598093064703,36598093067388,36598093069423,36598093147670,36598108973811,36598093056849,16666903,16600000,36598092373811,-1,36598093232427,36598093902634,36598093979213,36598094597377,36598095139939,18677,423747,36598095112147,36598095139939,36598119528244,36598094597377,
0,1710589,36598109051481,36598109051481,0,36598110029750,36598110035324,36598110039109,36598110152024,36598125651481,36598110015874,16666539,16600000,36598109051481,-1,36598110267136,36598111289027,36598111442063,36598112232997,36598112645025,20141,332886,36598112552658,36598112645025,36598136173427,36598112232997,
0,1710597,36598125713895,36598125713895,0,36598126694504,36598126698695,36598126702276,36598126818772,36598142313895,36598126683396,16670921,16600000,36598125713895,-1,36598126942714,36598128611496,36598128749843,36598130384161,36598131084722,22786,308675,36598131084722,36598130798833,36598152863205,36598130384161,
0,1710604,36598142428374,36598142428374,0,36598143204799,36598143209112,36598143212652,36598143339727,36598159028374,36598143193772,16672343,16600000,36598142428374,-1,36598143477056,36598144231573,36598144304896,36598144853521,36598146578374,13102,417155,36598146578374,36598145389288,36598169531337,36598144853521,
0,1710611,36598159112140,36598159112140,0,36598159804611,36598159808680,36598159812261,36598159932053,36598175712140,36598159793951,16673105,16600000,36598159112140,-1,36598160133754,36598161584275,36598161675013,36598163245570,36598164329473,20060,897990,36598163552333,36598164329473,36598186173956,36598163245570,
0,1710618,36598175786989,36598175786989,0,36598176767950,36598176772181,36598176775884,36598176893845,36598192386989,36598176756963,16672978,16600000,36598175786989,-1,36598177017706,36598177650640,36598177722702,36598178295416,36598180922531,13306,384237,36598180922531,36598178783860,36598202845546,36598178295416,
0,1710625,36598192458433,36598192458433,0,36598193761683,36598193765793,36598193769618,36598193906906,36598209058433,36598193749029,16673159,16600000,36598192458433,-1,36598194035853,36598194645635,36598194707932,36598195246343,36598196974777,15747,357788,36598196974777,36598195703781,36598219622686,36598195246343,
0,1710632,36598209131543,36598209131543,0,36598210485276,36598210489263,36598210493088,36598210612839,36598225731543,36598210473882,16671769,16600000,36598209131543,-1,36598210840134,36598211549932,36598211633672,36598212459804,36598213674403,21973,502238,36598213674403,36598213091151,36598236239222,36598212459804,
0,1710639,36598225788182,36598225788182,0,36598226562709,36598226565354,36598226567551,36598226640671,36598242388182,36598226555710,16670553,16600000,36598225788182,-1,36598226721075,36598227610886,36598227720057,36598228641729,36598229243129,21281,476277,36598229167120,36598229243129,36598252902105,36598228641729,
0,1710646,36598242446423,36598242446423,0,36598243266159,36598243270554,36598243274013,36598243402105,36598259046423,36598243174444,16673158,16600000,36598242446423,-1,36598243531255,36598244303920,36598244435471,36598245173467,36598246169683,20752,762329,36598246169683,36598246047369,36598269565761,36598245173467,
0,1710653,36598259150475,36598259150475,0,36598259880295,36598259884974,36598259888433,36598260080328,36598275750475,36598259867234,16672990,16600000,36598259150475,-1,36598260217860,36598260963059,36598261114263,36598261987351,36598263421473,21240,421102,36598263421473,36598262526373,36598286202764,36598261987351,
0,1710660,36598275823609,36598275823609,0,36598276571010,36598276575323,36598276578904,36598276694341,36598292423609,36598276559738,16673541,16600000,36598275823609,-1,36598276817266,36598277639695,36598277762741,36598279232712,36598280444179,22380,946004,36598279387334,36598280444179,36596269155034,36598279232712,
0,1710667,36598292500434,36598292500434,0,36598293170578,36598293174159,36598293177496,36598293289638,36598309100434,36598293160162,16672966,16600000,36598292500434,-1,36598293528570,36598293736537,36598293785731,36598293963628,36598295505376,4882,103150,36598295505376,36598294088832,36596285980961,36598293963628,
0,1710674,36598309167405,36598309167405,0,36598309849452,36598309852748,36598309856491,36598309952398,36598325767405,36598309839198,16669698,16600000,36598309167405,-1,36598310057582,36598310873134,36598310989629,36598311729091,36598312321661,18961,475708,36598312169317,36598312321661,36596302540857,36598311729091,
0,1710681,36598325808279,36598325808279,0,36598326461594,36598326465582,36598326469081,36598326574061,36598342408279,36598326450445,16669298,16600000,36598325808279,-1,36598326687058,36598327355922,36598327472824,36598328431809,36598329805181,19206,1006876,36598328846278,36598329805181,36596319174280,36598328431809,
0,1710688,36598342473043,36598342473043,0,36598343193934,36598343197515,36598343201137,36598343318812,36598359073043,36598343183274,16670092,16600000,36598342473043,-1,36598343436081,36598344654546,36598344808803,36598345689214,36598348620814,22013,570964,36598348620814,36598346396978,36596335847498,36598345689214,
0,1710695,36598359144450,36598359144450,0,36598359986130,36598359988531,36598359990525,36598360194667,36598375744450,36598359977544,16668769,16600000,36598359144450,-1,36598360285853,36598360490158,36598360626104,36598361720139,36598362860886,26612,500733,36598362860886,36598362363978,36596352508997,36598361720139,
---PROFILEDATA---


View hierarchy:

  org.ultimatemaps.spike.maplibre/org.ultimatemaps.spike.MainActivity/android.view.ViewRootImpl@5304d77
  10 views, 17,26 kB of render nodes


Total ViewRootImpl   : 1
Total attached Views : 10
Total RenderNode     : 17,26 kB (used) / 52,80 kB (capacity)

