Applications Graphics Acceleration Info:
Uptime: 36614909 Realtime: 36614909

** Graphics info for pid 13852 [org.ultimatemaps.spike.maplibre] **

Stats since: 36607795111420ns
Total frames rendered: 175
Janky frames: 1 (0.57%)
Janky frames (legacy): 0 (0.00%)
50th percentile: 5ms
90th percentile: 6ms
95th percentile: 8ms
99th percentile: 12ms
Number Missed Vsync: 0
Number High input latency: 22
Number Slow UI thread: 0
Number Slow bitmap uploads: 0
Number Slow issue draw commands: 1
Number Frame deadline missed: 1
Number Frame deadline missed (legacy): 0
HISTOGRAM: 5ms=154 6ms=7 7ms=4 8ms=4 9ms=2 10ms=1 11ms=0 12ms=2 13ms=0 14ms=0 15ms=0 16ms=0 17ms=0 18ms=0 19ms=0 20ms=1 21ms=0 22ms=0 23ms=0 24ms=0 25ms=0 26ms=0 27ms=0 28ms=0 29ms=0 30ms=0 31ms=0 32ms=0 34ms=0 36ms=0 38ms=0 40ms=0 42ms=0 44ms=0 46ms=0 48ms=0 53ms=0 57ms=0 61ms=0 65ms=0 69ms=0 73ms=0 77ms=0 81ms=0 85ms=0 89ms=0 93ms=0 97ms=0 101ms=0 105ms=0 109ms=0 113ms=0 117ms=0 121ms=0 125ms=0 129ms=0 133ms=0 150ms=0 200ms=0 250ms=0 300ms=0 350ms=0 400ms=0 450ms=0 500ms=0 550ms=0 600ms=0 650ms=0 700ms=0 750ms=0 800ms=0 850ms=0 900ms=0 950ms=0 1000ms=0 1050ms=0 1100ms=0 1150ms=0 1200ms=0 1250ms=0 1300ms=0 1350ms=0 1400ms=0 1450ms=0 1500ms=0 1550ms=0 1600ms=0 1650ms=0 1700ms=0 1750ms=0 1800ms=0 1850ms=0 1900ms=0 1950ms=0 2000ms=0 2050ms=0 2100ms=0 2150ms=0 2200ms=0 2250ms=0 2300ms=0 2350ms=0 2400ms=0 2450ms=0 2500ms=0 2550ms=0 2600ms=0 2650ms=0 2700ms=0 2750ms=0 2800ms=0 2850ms=0 2900ms=0 2950ms=0 3000ms=0 3050ms=0 3100ms=0 3150ms=0 3200ms=0 3250ms=0 3300ms=0 3350ms=0 3400ms=0 3450ms=0 3500ms=0 3550ms=0 3600ms=0 3650ms=0 3700ms=0 3750ms=0 3800ms=0 3850ms=0 3900ms=0 3950ms=0 4000ms=0 4050ms=0 4100ms=0 4150ms=0 4200ms=0 4250ms=0 4300ms=0 4350ms=0 4400ms=0 4450ms=0 4500ms=0 4550ms=0 4600ms=0 4650ms=0 4700ms=0 4750ms=0 4800ms=0 4850ms=0 4900ms=0 4950ms=0
50th gpu percentile: 2ms
90th gpu percentile: 4ms
95th gpu percentile: 7ms
99th gpu percentile: 10ms
GPU HISTOGRAM: 1ms=70 2ms=50 3ms=28 4ms=10 5ms=6 6ms=2 7ms=3 8ms=3 9ms=1 10ms=1 11ms=0 12ms=0 13ms=0 14ms=0 15ms=0 16ms=0 17ms=0 18ms=0 19ms=1 20ms=0 21ms=0 22ms=0 23ms=0 24ms=0 25ms=0 4950ms=0

Pipeline=Skia (Vulkan)
Memory policy:
  Max surface area: 2592000
  Max resource usage: 124.42MB (x48)
  Background retention: 50% (altUiHidden = true)
  GPU Context timeout: 10
Contexts: 1 (stopped = 0)
CPU Caches:
  Glyph Cache: 24.65 KB (1 entry)
  Glyph Count: 1 
Total CPU memory usage:
  25243 bytes, 24.65 KB (0.00 bytes is purgeable)
GPU Caches:
  Other:
    Other: 0.00 bytes (1 entry)
  Image:
    Surface: 65.96 KB (2 entries)
  Scratch:
    Buffer Object: 64.00 KB (2 entries)
    Surface: 98.88 MB (22 entries)
Layer Info:
    VkLayer size 1080x2400
  Layers Total         10125.00 KB (numLayers = 1)
Total GPU memory usage:
  103813072 bytes, 99.00 MB (129.96 KB is purgeable)
Pipeline Cache: inactiveTextureView: 1080x2400

GraphicBufferAllocator buffers:
            Handle |         Size |     W (Stride) x H | Layers |   Format |      Usage | Requestor
0xb400007b0bdd5b90 | 10200.00 KiB | 1080 (1088) x 2400 |      1 |        1 | 0x     b00 | VRI[MainActivity]#0(BLAST Consumer)0
0xb400007b0be7c2f0 | 10200.00 KiB | 1080 (1088) x 2400 |      1 |        1 | 0x     300 | SurfaceTexture-0-13852-0
0xb400007b0be7c710 | 10200.00 KiB | 1080 (1088) x 2400 |      1 |        1 | 0x     b00 | VRI[MainActivity]#0(BLAST Consumer)0
0xb400007b0be7d4d0 | 10200.00 KiB | 1080 (1088) x 2400 |      1 |        1 | 0x     300 | SurfaceTexture-0-13852-0
0xb400007b0be7e130 | 10200.00 KiB | 1080 (1088) x 2400 |      1 |        1 | 0x     300 | SurfaceTexture-0-13852-0
0xb400007b0be7f5d0 | 10200.00 KiB | 1080 (1088) x 2400 |      1 |        1 | 0x     b00 | VRI[MainActivity]#0(BLAST Consumer)0
0xb400007b0be804f0 | 10200.00 KiB | 1080 (1088) x 2400 |      1 |        1 | 0x     b00 | VRI[MainActivity]#0(BLAST Consumer)0
0xb400007b0be81570 | 10200.00 KiB | 1080 (1088) x 2400 |      1 |        1 | 0x     300 | SurfaceTexture-0-13852-0
0xb400007b0be82070 | 10200.00 KiB | 1080 (1088) x 2400 |      1 |        1 | 0x     300 | SurfaceTexture-0-13852-0
0xb400007b0be83a90 | 10200.00 KiB | 1080 (1088) x 2400 |      1 |        1 | 0x     b00 | VRI[MainActivity]#0(BLAST Consumer)0
Total allocated by GraphicBufferAllocator (estimate): 102000.00 KB
Imported gralloc buffers:
Total imported by gralloc: 0KiB

Profile data in ms:

	org.ultimatemaps.spike.maplibre/org.ultimatemaps.spike.MainActivity/android.view.ViewRootImpl@e356de4 (visibility=0)
Window: org.ultimatemaps.spike.maplibre/org.ultimatemaps.spike.MainActivity
Stats since: 36607795109304ns
Total frames rendered: 175
Janky frames: 1 (0.57%)
Janky frames (legacy): 0 (0.00%)
50th percentile: 5ms
90th percentile: 6ms
95th percentile: 8ms
99th percentile: 12ms
Number Missed Vsync: 0
Number High input latency: 22
Number Slow UI thread: 0
Number Slow bitmap uploads: 0
Number Slow issue draw commands: 1
Number Frame deadline missed: 1
Number Frame deadline missed (legacy): 0
HISTOGRAM: 5ms=154 6ms=7 7ms=4 8ms=4 9ms=2 10ms=1 11ms=0 12ms=2 13ms=0 14ms=0 15ms=0 16ms=0 17ms=0 18ms=0 19ms=0 20ms=1 21ms=0 22ms=0 23ms=0 24ms=0 25ms=0 26ms=0 27ms=0 28ms=0 29ms=0 30ms=0 31ms=0 32ms=0 34ms=0 36ms=0 38ms=0 40ms=0 42ms=0 44ms=0 46ms=0 48ms=0 53ms=0 57ms=0 61ms=0 65ms=0 69ms=0 73ms=0 77ms=0 81ms=0 85ms=0 89ms=0 93ms=0 97ms=0 101ms=0 105ms=0 109ms=0 113ms=0 117ms=0 121ms=0 125ms=0 129ms=0 133ms=0 150ms=0 200ms=0 250ms=0 300ms=0 350ms=0 400ms=0 450ms=0 500ms=0 550ms=0 600ms=0 650ms=0 700ms=0 750ms=0 800ms=0 850ms=0 900ms=0 950ms=0 1000ms=0 1050ms=0 1100ms=0 1150ms=0 1200ms=0 1250ms=0 1300ms=0 1350ms=0 1400ms=0 1450ms=0 1500ms=0 1550ms=0 1600ms=0 1650ms=0 1700ms=0 1750ms=0 1800ms=0 1850ms=0 1900ms=0 1950ms=0 2000ms=0 2050ms=0 2100ms=0 2150ms=0 2200ms=0 2250ms=0 2300ms=0 2350ms=0 2400ms=0 2450ms=0 2500ms=0 2550ms=0 2600ms=0 2650ms=0 2700ms=0 2750ms=0 2800ms=0 2850ms=0 2900ms=0 2950ms=0 3000ms=0 3050ms=0 3100ms=0 3150ms=0 3200ms=0 3250ms=0 3300ms=0 3350ms=0 3400ms=0 3450ms=0 3500ms=0 3550ms=0 3600ms=0 3650ms=0 3700ms=0 3750ms=0 3800ms=0 3850ms=0 3900ms=0 3950ms=0 4000ms=0 4050ms=0 4100ms=0 4150ms=0 4200ms=0 4250ms=0 4300ms=0 4350ms=0 4400ms=0 4450ms=0 4500ms=0 4550ms=0 4600ms=0 4650ms=0 4700ms=0 4750ms=0 4800ms=0 4850ms=0 4900ms=0 4950ms=0
50th gpu percentile: 2ms
90th gpu percentile: 4ms
95th gpu percentile: 7ms
99th gpu percentile: 10ms
GPU HISTOGRAM: 1ms=70 2ms=50 3ms=28 4ms=10 5ms=6 6ms=2 7ms=3 8ms=3 9ms=1 10ms=1 11ms=0 12ms=0 13ms=0 14ms=0 15ms=0 16ms=0 17ms=0 18ms=0 19ms=1 20ms=0 21ms=0 22ms=0 23ms=0 24ms=0 25ms=0 4950ms=0



---PROFILEDATA---
Flags,FrameTimelineVsyncId,IntendedVsync,Vsync,InputEventId,HandleInputStart,AnimationStart,PerformTraversalsStart,DrawStart,FrameDeadline,FrameStartTime,FrameInterval,WorkloadTarget,AnimationTime,AnimationCounter,SyncQueued,SyncStart,IssueDrawCommandsStart,SwapBuffers,FrameCompleted,DequeueBufferDuration,QueueBufferDuration,GpuCompleted,SwapBuffersCompleted,DisplayPresentTime,CommandSubmissionCompleted,
0,1712743,36608995019980,36608995019980,0,36608995593476,36608995596243,36608995599010,36608995675710,36609011619980,36608995585338,16662521,16600000,36608995019980,-1,36608995764171,36608996745250,36608996890066,36608997916352,36608998605968,27019,541586,36608998474376,36608998605968,36609022190359,36608997916352,
0,1712751,36609011689267,36609011689267,0,36609013123302,36609013125865,36609013128062,36609013229625,36609028289267,36609013112397,16667192,16600000,36609011689267,-1,36609013333059,36609014408621,36609014591441,36609016273774,36609019065318,43620,769124,36609019065318,36609017253062,36609038827118,36609016273774,
0,1712758,36609028394693,36609028394693,0,36609029594290,36609029597219,36609029599254,36609029685435,36609044994693,36609029585623,16668114,16600000,36609028394693,-1,36609029777721,36609030764822,36609030910492,36609032149384,36609032786672,20630,515015,36609032717540,36609032786672,36609055505097,36609032149384,
0,1712771,36609045086591,36609045086591,0,36609046282563,36609046288219,36609046293468,36609046457489,36609061686591,36609046266572,16669848,16600000,36609045086591,-1,36609046629771,36609047893118,36609048583914,36609049538341,36609053885387,33610,896850,36609053885387,36609050569876,36609072163992,36609049538341,
0,1712778,36609078415448,36609078415448,0,36609079444591,36609079451915,36609079458425,36609079722992,36609095015448,36609079420502,16667642,16600000,36609078415448,-1,36609079984060,36609081354381,36609081529511,36609082883556,36609083731334,34546,656495,36609083423432,36609083731334,36609105510509,36609082883556,
0,1712785,36609511756429,36609511756429,-161309038,36609512498465,36609512499563,36609512500052,36609512542654,36609528356429,36609512493907,16667389,16600000,36609511756429,-1,36609512592784,36609513308971,36609513342825,36609513678844,36609520176402,11271,180583,36609520176402,36609513904186,36609539050629,36609513678844,
0,1712792,36609528423818,36609528423818,0,36609529045584,36609529047985,36609529049978,36609529102224,36609545023818,36609529037283,16666667,16600000,36609528423818,-1,36609529148774,36609529400157,36609529427989,36609529656098,36609537582937,6877,116577,36609537582937,36609529795340,36609555733491,36609529656098,
0,1712805,36609611809669,36609611809669,-4052005,36609612755992,36609612759777,36609613332042,36609613485932,36609628409669,36609612743745,16672571,16600000,36609611809669,-1,36609613646251,36609614119233,36609614166596,36609614575328,36609623067272,14445,259603,36609623067272,36609614910981,36609639016490,36609614575328,
0,1712818,36609645195712,36609645195712,0,36609646110485,36609646115245,36609646546072,36609646724417,36609661795712,36609646100271,16672571,16600000,36609645195712,-1,36609646928966,36609647555431,36609647671154,36609648609752,36609649213024,24007,434530,36609649213024,36609649158133,36609672339895,36609648609752,
0,1712825,36609661868283,36609661868283,0,36609662664155,36609662667166,36609663156261,36609663282685,36609678468283,36609662654877,16672571,16600000,36609661868283,-1,36609663417736,36609664236298,36609664314790,36609664940156,36609666014171,13998,349324,36609666014171,36609665366669,36609688979056,36609664940156,
0,1712832,36609678540854,36609678540854,0,36609679322561,36609679325695,36609679831473,36609679947155,36609695140854,36609679313243,16679863,16600000,36609678540854,-1,36609680115571,36609680639822,36609680754283,36609681270112,36609687848074,17741,334961,36609687848074,36609681718354,36609705776500,36609681270112,
0,1712839,36609695301725,36609695301725,0,36609696414073,36609696417695,36609696824840,36609696927867,36609711901725,36609696403535,16679236,16600000,36609695301725,-1,36609697030040,36609697625459,36609697704723,36609698207327,36609699605276,14689,318481,36609699605276,36609698617850,36609722432994,36609698207327,
0,1712846,36609711960577,36609711960577,0,36609712965099,36609712968110,36609713593110,36609713706554,36609728560577,36609712955781,16676807,16600000,36609711960577,-1,36609713816906,36609714447684,36609714530610,36609715113862,36609719727509,18961,463094,36609719727509,36609715695079,36609738997285,36609715113862,
0,1712853,36609728621269,36609728621269,0,36609729704031,36609729707693,36609730267955,36609730405854,36609745221269,36609729692557,16680867,16600000,36609728621269,-1,36609730686331,36609731600760,36609731748383,36609732929047,36609738438162,25065,451375,36609738438162,36609733548920,36609755673717,36609732929047,
0,1712860,36609745338091,36609745338091,0,36609746129650,36609746133475,36609746725516,36609746837047,36609761938091,36609746120820,16683180,16600000,36609745338091,-1,36609746934988,36609747559174,36609747762950,36609748446056,36609750059215,17456,387044,36609750059215,36609748943818,36609772332653,36609748446056,
0,1712867,36609762043121,36609762043121,0,36609762811250,36609762814464,36609763407970,36609763512991,36609778643121,36609762803030,16680725,16600000,36609762043121,-1,36609763612804,36609764500214,36609764553112,36609765108654,36609765739676,16886,360921,36609765739676,36609765577078,36609788993134,36609765108654,
0,1712874,36609778690937,36609778690937,0,36609779453909,36609779456432,36609780146617,36609780243460,36609795290937,36609779445649,16678145,16600000,36609778690937,-1,36609780337820,36609780842622,36609780932465,36609781910615,36609782475231,16968,410644,36609782237885,36609782475231,36609805713309,36609781910615,
0,1712881,36609795339827,36609795339827,0,36609796280244,36609796283621,36609796816051,36609796939179,36609811939827,36609796269542,16673556,16600000,36609795339827,-1,36609797055838,36609797836762,36609797969616,36609798562104,36609800185558,16358,410441,36609800185558,36609799078706,36609822327973,36609798562104,
0,1712888,36609811972463,36609811972463,0,36609812793753,36609812797008,36609813225516,36609813328706,36609828572463,36609812784394,16670122,16600000,36609811972463,-1,36609813431896,36609814076793,36609814215953,36609814891206,36609817259288,18433,893066,36609817259288,36609816122203,36609838988414,36609814891206,
0,1712895,36609828611346,36609828611346,0,36609829413138,36609829416149,36609829844534,36609829945934,36609845211346,36609829401419,16666049,16600000,36609828611346,-1,36609830048717,36609830629731,36609830760061,36609831573131,36609833109101,17985,973307,36609833109101,36609832899588,36609855710175,36609831573131,
0,1712903,36609845253525,36609845253525,0,36609845812999,36609845816743,36609846444306,36609846547863,36609861853525,36609845803071,16664895,16600000,36609845253525,-1,36609846652924,36609847463146,36609847538911,36609848300792,36609850150198,19776,405924,36609850150198,36609848817841,36609872286876,36609848300792,
0,1712911,36609861908107,36609861908107,0,36609862810070,36609862814098,36609863448619,36609863555594,36609878508107,36609862799287,16664048,16600000,36609861908107,-1,36609863664236,36609864456717,36609864575939,36609865349214,36609866003551,20223,425211,36609866003551,36609865891979,36609888965831,36609865349214,
0,1712919,36609878572522,36609878572522,0,36609879756928,36609879758963,36609880249238,36609880341808,36609895172522,36609879749401,16664565,16600000,36609878572522,-1,36609880421520,36609881459809,36609881558320,36609882499319,36609883238455,21484,576334,36609883040864,36609883238455,36609905650483,36609882499319,
0,1712927,36609895235460,36609895235460,0,36609896258393,36609896261608,36609896882701,36609896977550,36609911835460,36609896243826,16662755,16600000,36609895235460,-1,36609897077648,36609897726289,36609897817394,36609898503429,36609901315807,17904,699789,36609901315807,36609899333629,36609922281709,36609898503429,
0,1712935,36609911877702,36609911877702,0,36609912397798,36609912399425,36609912400605,36609912483654,36609928477702,36609912392996,16660680,16600000,36609911877702,-1,36609912568208,36609913367768,36609913487560,36609914333629,36609915827526,24414,1355428,36609915479503,36609915827526,36609938965140,36609914333629,
0,1712943,36609928520485,36609928520485,0,36609929138032,36609929141694,36609929145315,36609929264131,36609945120485,36609929126150,16658363,16600000,36609928520485,-1,36609929385062,36609930078665,36609930157929,36609930953828,36609932304007,18961,1082316,36609932203136,36609932304007,36609955647798,36609930953828,
0,1712951,36609945164348,36609945164348,0,36609945907197,36609945910452,36609945913911,36609946015636,36609961764348,36609945897269,16659882,16600000,36609945164348,-1,36609946235607,36609947471569,36609947556326,36609948378714,36609948920869,20426,276733,36609948920869,36609948749116,36609972341401,36609948378714,
0,1712959,36609961833785,36609961833785,0,36609962234305,36609962235078,36609962235525,36609962267711,36609978433785,36609962230927,16662449,16600000,36609961833785,-1,36609962301932,36609963069225,36609963184785,36609964248709,36609965101818,20060,489055,36609965101818,36609964943045,36609989037161,36609964248709,
0,1712967,36609978515774,36609978515774,0,36609979161917,36609979165294,36609979168956,36609979283825,36609995115774,36609979149222,16662345,16600000,36609978515774,-1,36609979407604,36609980674531,36609980776175,36609982551972,36609983775036,19653,1017009,36609983494233,36609983775036,36610005738333,36609982551972,
0,1712975,36609995180158,36609995180158,0,36609996136689,36609996141043,36609996144705,36609996258475,36610011780158,36609996125906,16663174,16600000,36609995180158,-1,36609996373790,36609997054495,36609997159801,36609997910330,36609998486990,15340,456868,36609998349865,36609998486990,36610022398611,36609997910330,
0,1712983,36610011856173,36610011856173,0,36610012682262,36610012687145,36610012691987,36610012828787,36610028456173,36610012668346,16665184,16600000,36610011856173,-1,36610012973237,36610014197521,36610014296072,36610015373668,36610017041678,32308,702800,36610017041678,36610016497081,36610039066295,36610015373668,
0,1712991,36610028545603,36610028545603,0,36610029201915,36610029202729,36610029203340,36610029231538,36610045145603,36610029199149,16670646,16600000,36610028545603,-1,36610029263520,36610029864513,36610029950939,36610030690563,36610033046439,23112,499065,36610033046439,36610031333222,36610055731090,36610030690563,
0,1712998,36610045266244,36610045266244,0,36610046183401,36610046188528,36610046193371,36610046340180,36610061866244,36610046169648,16673324,16600000,36610045266244,-1,36610046488984,36610046904023,36610046932588,36610047318126,36610047851736,8952,143718,36610047851736,36610047498872,36610072574108,36610047318126,
0,1713005,36610061964239,36610061964239,0,36610063035452,36610063039684,36610063044363,36610063166515,36610078564239,36610063023245,16675264,16600000,36610061964239,-1,36610063299165,36610063571585,36610063601533,36610063821422,36610066432588,6755,148763,36610066432588,36610064027314,36610089083304,36610063821422,
0,1713012,36610078655825,36610078655825,0,36610079737316,36610079740897,36610079744681,36610080066824,36610095255825,36610079725475,16679091,16600000,36610078655825,-1,36610080210582,36610081494599,36610081624564,36610082651378,36610084260957,26611,712891,36610084260957,36610083597545,36610105736258,36610082651378,
0,1713019,36610095360592,36610095360592,0,36610096709891,36610096712129,36610096714489,36610096803275,36610111960592,36610096701712,16685466,16600000,36610095360592,-1,36610096900402,36610097630504,36610097889944,36610098967459,36610100454601,23437,1138143,36610099602550,36610100454601,36610122396496,36610098967459,
0,1713026,36610112111757,36610112111757,0,36610112845836,36610112847016,36610112847993,36610112899588,36610128711757,36610112840954,16684334,16600000,36610112111757,-1,36610112953177,36610113623180,36610113681082,36610114073457,36610114849336,9806,258911,36610114849336,36610114399669,36610139048717,36610114073457,
0,1713033,36610128777459,36610128777459,0,36610129500622,36610129504528,36610129508068,36610129624848,36610145377459,36610129490327,16682670,16600000,36610128777459,-1,36610129748180,36610130169770,36610130240978,36610130628307,36610133378551,12696,289835,36610133378551,36610130994559,36610155724702,36610130628307,
0,1713040,36610145435465,36610145435465,0,36610146254324,36610146258353,36610146262178,36610146379772,36610162035465,36610146243216,16678549,16600000,36610145435465,-1,36610146504324,36610147712739,36610148098400,36610149589489,36610150412324,22827,552002,36610150388520,36610150412324,36610172400239,36610149589489,
0,1713047,36610162072548,36610162072548,0,36610163591686,36610163595796,36610163599783,36610163823782,36610178672548,36610163574352,16673831,16600000,36610162072548,-1,36610164187145,36610165707246,36610165890921,36610167239391,36610168648245,22786,1259318,36610168329398,36610168648245,36610189109874,36610167239391,
0,1713054,36610178701359,36610178701359,0,36610179553966,36610179556855,36610179560517,36610179692801,36610195301359,36610179543631,16669614,16600000,36610178701359,-1,36610179818249,36610180736868,36610180907848,36610182202648,36610182831595,16683,508178,36610182336193,36610182831595,36610205748058,36610182202648,
0,1713061,36610195334372,36610195334372,0,36610196313325,36610196315929,36610196319144,36610196430268,36610211934372,36610196302420,16666425,16600000,36610195334372,-1,36610196541922,36610197348034,36610197413667,36610198068696,36610199064668,13142,898316,36610198792736,36610199064668,36610222435884,36610198068696,
0,1713069,36610211975647,36610211975647,0,36610213016450,36610213019298,36610213022554,36610213117484,36610228575647,36610213006725,16665799,16600000,36610211975647,-1,36610213211844,36610213806896,36610213876883,36610214470511,36610215307506,18799,361206,36610215307506,36610214958548,36610239136486,36610214470511,
0,1713077,36610228642426,36610228642426,0,36610229148856,36610229151419,36610229154430,36610229233450,36610245242426,36610229140758,16665138,16600000,36610228642426,-1,36610229315075,36610229860892,36610229932791,36610230568818,36610231516125,12492,506917,36610231516125,36610231287161,36610255840181,36610230568818,
0,1713085,36610978740196,36610978740196,-36984077,36610979761039,36610979762585,36610979763399,36610979814627,36610995340196,36610979754732,16666667,16600000,36610978740196,-1,36610979874442,36610980297660,36610980341605,36610980741711,36610985961722,15014,220174,36610985961722,36610981022635,36611005936047,36610980741711,
0,1713092,36611012067001,36611012067001,-96572488,36611012494071,36611012495373,36611012662284,36611012709728,36611028667001,36611012488863,16666667,16600000,36611012067001,-1,36611012762300,36611013136364,36611013183931,36611013573172,36611016874157,12288,201131,36611016874157,36611013830130,36611039196504,36611013573172,
0,1713099,36611028733668,36611028733668,0,36611029109183,36611029109956,36611029256522,36611029294811,36611045333668,36611029105765,16666667,16600000,36611028733668,-1,36611029329276,36611029541760,36611029565401,36611029771699,36611031982596,5656,138387,36611031982596,36611029935558,36611055917248,36611029771699,
0,1713106,36611045400335,36611045400335,0,36611046372285,36611046374808,36611046887015,36611046975272,36611062000335,36611046364514,16666667,16600000,36611045400335,-1,36611047058809,36611047691540,36611047759208,36611048407604,36611050397473,15706,371948,36611050397473,36611048892183,36611072562593,36611048407604,
0,1713113,36611062026001,36611062026001,0,36611062938407,36611062940197,36611063351574,36611063431408,36611078626001,36611062933280,16666667,16600000,36611062026001,-1,36611063498832,36611064177827,36611064225231,36611064699434,36611065434826,12614,343384,36611065434826,36611065134167,36611089277315,36611064699434,
0,1713120,36611078692668,36611078692668,0,36611079511079,36611079513317,36611080087333,36611080189017,36611095292668,36611079502697,16666667,16600000,36611078692668,-1,36611080280082,36611081180432,36611081254406,36611081781140,36611083303072,15300,272583,36611083303072,36611082126802,36611105877290,36611081781140,
0,1713127,36611095359335,36611095359335,0,36611095972342,36611095973848,36611096373059,36611096442069,36611111959335,36611095967989,16666667,16600000,36611095359335,-1,36611096490124,36611097079154,36611097152274,36611097613171,36611099514253,10417,314901,36611099514253,36611098006237,36611122537284,36611097613171,
0,1713134,36611112026002,36611112026002,0,36611112757865,36611112760021,36611113238252,36611113324637,36611128626002,36611112750866,16666667,16600000,36611112026002,-1,36611113391735,36611114041841,36611114093924,36611114663627,36611115735648,11597,310384,36611115735648,36611115059012,36611139233125,36611114663627,
0,1713141,36611128692669,36611128692669,0,36611129642305,36611129644909,36611130036918,36611130251232,36611145292669,36611129633963,16665742,16600000,36611128692669,-1,36611130333101,36611130870170,36611130918428,36611131331839,36611133612560,13224,469116,36611133612560,36611131880668,36611155885184,36611131331839,
0,1713149,36611145373081,36611145373081,0,36611146477754,36611146479911,36611146913057,36611147011975,36611161973081,36611146469372,16665742,16600000,36611145373081,-1,36611147102185,36611147643973,36611147709159,36611148161877,36611149740124,11231,325846,36611149740124,36611148567801,36611172529186,36611148161877,
0,1713157,36611162038823,36611162038823,0,36611162880383,36611162883801,36611163425467,36611163545585,36611178638823,36611162869885,16675549,16600000,36611162038823,-1,36611163656872,36611164439465,36611164567069,36611165083711,36611166113130,16968,533447,36611166113130,36611165724011,36611189253145,36611165083711,
0,1713164,36611178786289,36611178786289,0,36611179511486,36611179514660,36611180091239,36611180191703,36611195386289,36611179502209,16677677,16600000,36611178786289,-1,36611180284639,36611181349906,36611181456311,36611182061576,36611183728731,20142,452922,36611183728731,36611182632458,36611205880952,36611182061576,
0,1713171,36611195480991,36611195480991,0,36611196700492,36611196703828,36611197323783,36611197462455,36611212080991,36611196688000,16676425,16600000,36611195480991,-1,36611197592663,36611198526623,36611198655855,36611199496675,36611200386283,25757,664632,36611200386283,36611200294567,36611222636568,36611199496675,
0,1713178,36611212146566,36611212146566,0,36611213104300,36611213107352,36611213792614,36611214068819,36611228746566,36611213093355,16678381,16600000,36611212146566,-1,36611214201428,36611214928153,36611215038586,36611215815686,36611217292004,21972,871460,36611217292004,36611216854463,36611239288301,36611215815686,
0,1713185,36611228843203,36611228843203,0,36611230089326,36611230092622,36611230616874,36611230736584,36611245443203,36611230074800,16677149,16600000,36611228843203,-1,36611230855603,36611232287447,36611232435803,36611233376721,36611235737845,25513,525025,36611235737845,36611234076224,36611255917492,36611233376721,
0,1713192,36611245508031,36611245508031,0,36611246275891,36611246279187,36611246953462,36611247058483,36611262108031,36611246266084,16679456,16600000,36611245508031,-1,36611247165214,36611248453177,36611248590629,36611249428885,36611250503592,16886,486328,36611250503592,36611250100191,36611272561576,36611249428885,
0,1713199,36611262212095,36611262212095,0,36611263400931,36611263404187,36611264602795,36611264730114,36611278812095,36611263389986,16680277,16600000,36611262212095,-1,36611264821504,36611266207816,36611266350028,36611267299206,36611269706270,18677,583212,36611269706270,36611268197603,36611289357149,36611267299206,
0,1713206,36611278900087,36611278900087,0,36611279573824,36611279576957,36611280474092,36611280523286,36611295500087,36611279564017,16680356,16600000,36611278900087,-1,36611280559501,36611281604341,36611281727754,36611282379447,36611285639742,16114,595418,36611285639742,36611283183646,36611305897310,36611282379447,
0,1713213,36611295574544,36611295574544,0,36611296429170,36611296434175,36611297023083,36611297153047,36611312174544,36611296416923,16677490,16600000,36611295574544,-1,36611297286755,36611298009818,36611298097587,36611299014660,36611299930920,17985,694010,36611299930920,36611299856905,36611322600191,36611299014660,
0,1713220,36611312221865,36611312221865,0,36611313496838,36611313500785,36611314220634,36611314344738,36611328821865,36611313485119,16681027,16600000,36611312221865,-1,36611314483858,36611314795218,36611314832735,36611315100516,36611315770682,7568,149780,36611315770682,36611315288911,36611339244478,36611315100516,
0,1713227,36611328936896,36611328936896,0,36611329661999,36611329663708,36611329665214,36611329734468,36611345536896,36611329655529,16676293,16600000,36611328936896,-1,36611329808606,36611331560559,36611331706799,36611332768933,36611333534151,29745,611003,36611333484753,36611333534151,36611355877453,36611332768933,
0,1713234,36611345566783,36611345566783,0,36611346319144,36611346322399,36611346326428,36611346458142,36611362166783,36611346308117,16672189,16600000,36611345566783,-1,36611346589774,36611347295503,36611347388887,36611348230928,36611349165824,23194,459961,36611349165824,36611348828625,36611372573986,36611348230928,
0,1713241,36611362205810,36611362205810,0,36611362757417,36611362760673,36611362764213,36611362860974,36611378805810,36611362747163,16670928,16600000,36611362205810,-1,36611362960176,36611363273083,36611363294649,36611363669974,36611364245129,5575,123698,36611364245129,36611363825655,36611389259208,36611363669974,
0,1713248,36611378861443,36611378861443,0,36611379491792,36611379495088,36611379498506,36611379603731,36611395461443,36611379481498,16668581,16600000,36611378861443,-1,36611379718070,36611379998221,36611380064750,36611380309175,36611381729219,7365,155192,36611381729219,36611380504528,36611405899467,36611380309175,
0,1713255,36611395503424,36611395503424,0,36611396293794,36611396297741,36611396301444,36611396398531,36611412103424,36611396281750,16664502,16600000,36611395503424,-1,36611396504040,36611396740572,36611396760632,36611396962577,36611398122367,6429,139974,36611398122367,36611397133272,36611422589449,36611396962577,
0,1713263,36611412136819,36611412136819,0,36611412703747,36611412707002,36611412710746,36611412815889,36611428736819,36611412693859,16664379,16600000,36611412136819,-1,36611412928153,36611413558890,36611413638033,36611414270886,36611416910168,19003,364380,36611416910168,36611414733980,36611439238090,36611414270886,
0,1713271,36611428802823,36611428802823,0,36611429604504,36611429608044,36611429611747,36611429717541,36611445402823,36611429593111,16661432,16600000,36611428802823,-1,36611429821748,36611430505708,36611430597546,36611431373913,36611431861421,18514,387207,36611431790173,36611431861421,36611455918591,36611431373913,
0,1713279,36611445443035,36611445443035,0,36611445975923,36611445977307,36611445978080,36611446020601,36611462043035,36611445971773,16662444,16600000,36611445443035,-1,36611446068900,36611446661145,36611446747001,36611447497245,36611451096773,21200,475748,36611451096773,36611448185111,36611472564424,36611447497245,
0,1713287,36611462116949,36611462116949,0,36611462644991,36611462648164,36611462651623,36611462750704,36611478716949,36611462635184,16663444,16600000,36611462116949,-1,36611462853039,36611463932059,36611464158744,36611465000541,36611468460990,20955,529866,36611468460990,36611465638602,36611489239026,36611465000541,
0,1713295,36611478788605,36611478788605,0,36611479283459,36611479286714,36611479290417,36611479389335,36611495388605,36611479273205,16664117,16600000,36611478788605,-1,36611479494519,36611480097383,36611480173799,36611480911999,36611483422741,18677,387410,36611483422741,36611481412284,36611505935030,36611480911999,
0,1713303,36611495460524,36611495460524,0,36611496100883,36611496105562,36611496109387,36611496228243,36611512060524,36611495937024,16662283,16600000,36611495460524,-1,36611496336438,36611496663912,36611496689058,36611496955334,36611500594047,8220,132731,36611500594047,36611497124564,36611522599336,36611496955334,
0,1713311,36611512110005,36611512110005,0,36611512897310,36611512901705,36611512906262,36611513037365,36611528710005,36611512885022,16662806,16600000,36611512110005,-1,36611513166882,36611513852917,36611513979545,36611514734672,36611515193371,18636,349040,36611515039522,36611515193371,36611539262911,36611514734672,
0,1713319,36611528778738,36611528778738,0,36611529230725,36611529231661,36611529232230,36611529266247,36611545378738,36611529227795,16667107,16600000,36611528778738,-1,36611529303641,36611529828829,36611529904268,36611530567191,36611531722790,19287,389201,36611531722790,36611531057792,36611556015922,36611530567191,
0,1713326,36611545482466,36611545482466,0,36611546067924,36611546071057,36611546074678,36611546180757,36611562082466,36611546056734,16667706,16600000,36611545482466,-1,36611546288667,36611546950085,36611547046561,36611547742932,36611550866182,17171,669149,36611550866182,36611548550712,36611572587984,36611547742932,
0,1713333,36611562156962,36611562156962,0,36611562722302,36611562725069,36611562728568,36611562814872,36611578756962,36611562712536,16669587,16600000,36611562156962,-1,36611562907076,36611563456514,36611563561617,36611564321260,36611568276501,15910,326660,36611568276501,36611564769625,36611589260754,36611564321260,
0,1713340,36611578840824,36611578840824,0,36611579538545,36611579540702,36611579543347,36611579639701,36611595440824,36611579530367,16671923,16600000,36611578840824,-1,36611579735892,36611581132458,36611581271415,36611582636161,36611586381766,390259,204590,36611586381766,36611582912203,36611605950533,36611582636161,
0,1713347,36611595541222,36611595541222,0,36611596359672,36611596362601,36611596366182,36611596458630,36611612141222,36611596349987,16671010,16600000,36611595541222,-1,36611596557059,36611597216361,36611597339449,36611598113741,36611599416272,14364,374267,36611599416272,36611598605074,36611622601005,36611598113741,
0,1713354,36611612200381,36611612200381,0,36611612884452,36611612888724,36611612893363,36611613015108,36611628800381,36611612872001,16671077,16600000,36611612200381,-1,36611613147229,36611613727266,36611613781262,36611614230114,36611616291882,14689,282348,36611616291882,36611614597383,36611639279431,36611614230114,
0,1713361,36611628867814,36611628867814,0,36611629622204,36611629625378,36611629628837,36611629721122,36611645467814,36611629612968,16670822,16600000,36611628867814,-1,36611629817802,36611631225923,36611631384208,36611632592826,36611633670748,23396,494141,36611633670748,36611633275850,36611655956840,36611632592826,
0,1713368,36611645536313,36611645536313,0,36611646522920,36611646527396,36611646532320,36611646670666,36611662136313,36611646509818,16670646,16600000,36611645536313,-1,36611646984428,36611648266003,36611648373669,36611649411959,36611650221000,21403,648682,36611650137178,36611650221000,36611672657361,36611649411959,
0,1713375,36611662202270,36611662202270,0,36611663244397,36611663248506,36611663253471,36611663420992,36611678802270,36611663228975,16670023,16600000,36611662202270,-1,36611663580090,36611664401664,36611664495739,36611665143200,36611665954846,20182,440349,36611665954846,36611665697888,36611689317761,36611665143200,
0,1713382,36612395699146,36612395699146,-860971508,36612396465466,36612396467867,36612396468966,36612396562512,36612412299146,36612396456596,16670369,16600000,36612395699146,-1,36612396681856,36612397701795,36612397859713,36612398403699,36612400474459,22908,299561,36612400474459,36612398801200,36612422814262,36612398403699,
0,1713389,36612412369515,36612412369515,0,36612413033297,36612413033826,36612413034884,36612413096204,36612428969515,36612413026827,16666667,16600000,36612412369515,-1,36612413160942,36612413631726,36612413675549,36612414083020,36612415317476,10173,222697,36612415317476,36612414348157,36612439426892,36612414083020,
0,1713396,36612428999001,36612428999001,-95714027,36612429646130,36612429647310,36612429831921,36612429881034,36612445599001,36612429640841,16666667,16600000,36612428999001,-1,36612429933647,36612430245211,36612430282524,36612430607800,36612432295585,10742,201538,36612432295585,36612430850924,36612456170138,36612430607800,
0,1713403,36612445665668,36612445665668,0,36612446412488,36612446414522,36612446829521,36612446951428,36612462265668,36612446405977,16666667,16600000,36612445665668,-1,36612447027112,36612447624524,36612447683647,36612448290255,36612466619723,16194,1647217,36612466619723,36612450082206,36612472846611,36612448290255,
0,1713410,36612462332335,36612462332335,0,36612463381726,36612463385592,36612464193128,36612464344332,36612495599002,36612463365654,16666667,16600000,36612462332335,-1,36612464495333,36612465028617,36612465140597,36612465712171,36612475217460,18229,516276,36612475217460,36612466340873,36612489463676,36612465712171,
0,1713417,36612478999002,36612478999002,0,36612479626314,36612479628186,36612479961235,36612480096651,36612512265669,36612479620821,16666667,16600000,36612478999002,-1,36612480165173,36612480872774,36612480937268,36612481522555,36612489075859,14119,298218,36612489075859,36612481909151,36612506160006,36612481522555,
0,1713424,36612495665669,36612495665669,0,36612496440768,36612496443738,36612496935763,36612497045341,36612528932336,36612496431368,16661371,16600000,36612495665669,-1,36612497156873,36612497817314,36612497924654,36612498481295,36612503157809,14404,483602,36612503157809,36612499077201,36612522764539,36612498481295,
0,1713432,36612512291541,36612512291541,0,36612512998751,36612513001721,36612513433443,36612513530774,36612545593707,36612512989596,16661371,16600000,36612512291541,-1,36612513629122,36612514289726,36612514365328,36612514910860,36612516306816,15665,376058,36612516306816,36612515398979,36612539522473,36612514910860,
0,1713440,36612528952912,36612528952912,0,36612529883842,36612529886365,36612530457817,36612530554293,36612562255078,36612529874605,16671143,16600000,36612528952912,-1,36612530651380,36612531220187,36612531293388,36612531839734,36612534637057,17579,566406,36612534637057,36612532513969,36612556121879,36612531839734,
0,1713447,36612545695716,36612545695716,0,36612546607231,36612546609672,36612547013440,36612547103976,36612578926221,36612546599256,16669664,16600000,36612545695716,-1,36612547188530,36612547781466,36612547834973,36612548431287,36612549722994,16439,451945,36612549722994,36612548994519,36612572813245,36612548431287,
0,1713454,36612562353548,36612562353548,0,36612562980725,36612562983248,36612563407849,36612563496798,36612595595885,36612562971448,16674858,16600000,36612562353548,-1,36612563583102,36612564348604,36612564637260,36612565277356,36612566481051,19450,532186,36612566481051,36612565920667,36612589479423,36612565277356,
0,1713461,36612579073421,36612579073421,0,36612580211397,36612580215019,36612581086031,36612581224622,36612612270743,36612580199313,16673387,16600000,36612579073421,-1,36612581362805,36612582188163,36612582320772,36612583496391,36612584408338,29501,720012,36612583750216,36612584408338,36612606203911,36612583496391,
0,1713468,36612595733079,36612595733079,0,36612597696179,36612597699760,36612598494072,36612598636975,36612628944130,36612597684664,16673402,16600000,36612595733079,-1,36612599001477,36612599737887,36612599872897,36612600986381,36612601684176,21769,536581,36612601262911,36612601684176,36612622790703,36612600986381,
0,1713475,36612612406630,36612612406630,0,36612613550143,36612613554171,36612614277885,36612614459160,36612645617532,36612613534680,16673132,16600000,36612612406630,-1,36612614627617,36612615783297,36612615973930,36612617576835,36612619129977,162598,944661,36612619129977,36612618674939,36612639484062,36612617576835,
0,1713482,36612629076884,36612629076884,0,36612630200045,36612630203097,36612630741427,36612630850029,36612662290664,36612630189954,16675786,16600000,36612629076884,-1,36612631043998,36612631670626,36612631758435,36612632471896,36612633813001,17700,531291,36612633813001,36612633128512,36612656124402,36612632471896,
0,1713489,36612645777506,36612645777506,0,36612647155774,36612647159802,36612647880790,36612648152844,36612678966450,36612647142184,16673512,16600000,36612645777506,-1,36612648307019,36612649124321,36612649217989,36612649897107,36612650896171,18921,505859,36612650896171,36612650517672,36612672842704,36612649897107,
0,1713496,36612662426712,36612662426712,0,36612662983126,36612662986218,36612663664970,36612663895764,36612695639962,36612662974174,16673751,16600000,36612662426712,-1,36612663998914,36612664692110,36612664779553,36612665370496,36612666111870,16520,171020,36612666111870,36612665577283,36612689475680,36612665370496,
0,1713503,36612679098655,36612679098655,0,36612679691785,36612679693901,36612680184257,36612680277885,36612712313713,36612679684176,16671286,16600000,36612679098655,-1,36612680382744,36612680708346,36612680758232,36612680967013,36612683948621,5900,300537,36612683948621,36612681363945,36612706148735,36612680967013,
0,1713510,36612695745353,36612695745353,0,36612696419772,36612696422742,36612696963066,36612697062757,36612728984999,36612696409925,16671305,16600000,36612695745353,-1,36612697160250,36612698579480,36612698643893,36612699654391,36612700359550,132731,528117,36612700134941,36612700359550,36612722925346,36612699654391,
0,1713517,36612712418510,36612712418510,0,36612713375012,36612713378349,36612714193453,36612714323539,36612745656304,36612713363985,16667332,16600000,36612712418510,-1,36612714442314,36612715633598,36612715770927,36612717143282,36612718005546,19247,683716,36612717763440,36612718005546,36612739540296,36612717143282,
0,1713524,36612729054906,36612729054906,0,36612730285087,36612730287610,36612730666394,36612730751925,36612762323636,36612730278089,16667194,16600000,36612729054906,-1,36612730837415,36612732904960,36612733012911,36612734241671,36612735118095,20223,715048,36612734658785,36612735118095,36612756155042,36612734241671,
0,1713531,36612745720537,36612745720537,0,36612746324068,36612746326388,36612746328504,36612746417981,36612778990830,36612746314750,16669865,16600000,36612745720537,-1,36612746512138,36612747786959,36612747872042,36612748591728,36612749181409,18025,484538,36612749129041,36612749181409,36612772841443,36612748591728,
0,1713538,36612762424764,36612762424764,0,36612763092420,36612763095553,36612763099052,36612763197400,36612795660695,36612763081759,16672908,16600000,36612762424764,-1,36612763299451,36612763805066,36612763863375,36612764196871,36612765156344,9562,190267,36612765156344,36612764430636,36612789508883,36612764196871,
0,1713545,36612779121824,36612779121824,0,36612779730847,36612779734265,36612779737846,36612779835340,36612812333603,36612779721000,16670772,16600000,36612779121824,-1,36612779934379,36612780310397,36612780338391,36612780544527,36612781938286,5493,135987,36612781938286,36612780713229,36612806190279,36612780544527,
0,1713552,36612795770963,36612795770963,0,36612796290214,36612796293754,36612796297294,36612796396538,36612829004375,36612796281547,16670286,16600000,36612795770963,-1,36612796503349,36612796752861,36612796779676,36612796978650,36612798859469,6999,120076,36612798859469,36612797129081,36612822879488,36612796978650,
0,1713559,36612812435362,36612812435362,0,36612813351209,36612813354627,36612813358452,36612813467745,36612845674661,36612813340548,16669610,16600000,36612812435362,-1,36612813586357,36612814261935,36612814352755,36612814912122,36612815411267,15951,386963,36612815291109,36612815411267,36612839609998,36612814912122,
0,1713566,36612845784691,36612845784691,0,36612846458671,36612846464042,36612846468722,36612846608289,36612862384691,36612846444348,16671568,16600000,36612845784691,-1,36612846758273,36612847865125,36612848419731,36612850141248,36612851106010,26123,599975,36612850358940,36612851106010,36612872847018,36612850141248,
0,1713573,36612862456259,36612862456259,0,36612863336560,36612863341199,36612863345838,36612863496391,36612879056259,36612863323051,16671568,16600000,36612862456259,-1,36612863659233,36612863964327,36612863985690,36612864213025,36612866816012,5534,141602,36612866816012,36612864373548,36612889545463,36612864213025,
0,1713580,36612879127827,36612879127827,0,36612879930717,36612879934013,36612879937187,36612880103732,36612895727827,36612879921277,16674260,16600000,36612879127827,-1,36612880215670,36612881316948,36612881391451,36612882059746,36612883174573,19898,366618,36612883174573,36612882539401,36612906200818,36612882059746,
0,1713587,36612895833254,36612895833254,0,36612896526949,36612896530652,36612896533785,36612896663058,36612912433254,36612896516085,16671121,16600000,36612895833254,-1,36612896796684,36612897441948,36612897513481,36612898150729,36612898773979,19491,374756,36612898773979,36612898628715,36608922189464,36612898150729,
0,1713594,36612912485556,36612912485556,0,36612912799044,36612912799695,36612912800102,36612912828870,36612929085556,36612912796318,16669271,16600000,36612912485556,-1,36612912860283,36612913393608,36612913461194,36612914169650,36612914705579,16643,346721,36612914705579,36612914607719,36608938811249,36612914169650,
0,1713601,36612929138480,36612929138480,0,36612929773287,36612929776176,36612929779350,36612929889051,36612945738480,36612929763115,16666883,16600000,36612929138480,-1,36612929998792,36612930670301,36612930753837,36612931428479,36612932090385,18595,488810,36612931834973,36612932090385,36608955472097,36612931428479,
0,1713608,36612945784899,36612945784899,0,36612946642916,36612946645683,36612946648735,36612946758802,36612962384899,36612946633395,16666430,16600000,36612945784899,-1,36612946868421,36612947123222,36612947142428,36612947345309,36612949685437,6063,135661,36612949685437,36612947504773,36608972152314,36612947345309,
0,1713616,36612962439522,36612962439522,0,36612963100924,36612963103406,36612963106173,36612963194471,36612979039522,36612963092542,16669834,16600000,36612962439522,-1,36612963292696,36612964399711,36612964457491,36612965064466,36612965961194,19246,587687,36612965961194,36612965771253,36608988840465,36612965064466,
0,1713623,36612979137836,36612979137836,0,36612979793795,36612979796155,36612979799126,36612979909029,36612995737836,36612979783785,16669104,16600000,36612979137836,-1,36612980095146,36612981000297,36612981109876,36612981893689,36612982427991,20223,426473,36612982249524,36612982427991,36609005507172,36612981893689,
---PROFILEDATA---


View hierarchy:

  org.ultimatemaps.spike.maplibre/org.ultimatemaps.spike.MainActivity/android.view.ViewRootImpl@e356de4
  10 views, 17,26 kB of render nodes


Total ViewRootImpl   : 1
Total attached Views : 10
Total RenderNode     : 17,26 kB (used) / 52,80 kB (capacity)

