Applications Graphics Acceleration Info:
Uptime: 36630738 Realtime: 36630738

** Graphics info for pid 13980 [org.ultimatemaps.spike.maplibre] **

Stats since: 36623831571429ns
Total frames rendered: 179
Janky frames: 1 (0.56%)
Janky frames (legacy): 0 (0.00%)
50th percentile: 5ms
90th percentile: 6ms
95th percentile: 7ms
99th percentile: 10ms
Number Missed Vsync: 0
Number High input latency: 34
Number Slow UI thread: 0
Number Slow bitmap uploads: 0
Number Slow issue draw commands: 1
Number Frame deadline missed: 1
Number Frame deadline missed (legacy): 0
HISTOGRAM: 5ms=159 6ms=7 7ms=6 8ms=1 9ms=3 10ms=2 11ms=0 12ms=0 13ms=0 14ms=0 15ms=0 16ms=0 17ms=0 18ms=0 19ms=1 20ms=0 21ms=0 22ms=0 23ms=0 24ms=0 25ms=0 26ms=0 27ms=0 28ms=0 29ms=0 30ms=0 31ms=0 32ms=0 34ms=0 36ms=0 38ms=0 40ms=0 42ms=0 44ms=0 46ms=0 48ms=0 53ms=0 57ms=0 61ms=0 65ms=0 69ms=0 73ms=0 77ms=0 81ms=0 85ms=0 89ms=0 93ms=0 97ms=0 101ms=0 105ms=0 109ms=0 113ms=0 117ms=0 121ms=0 125ms=0 129ms=0 133ms=0 150ms=0 200ms=0 250ms=0 300ms=0 350ms=0 400ms=0 450ms=0 500ms=0 550ms=0 600ms=0 650ms=0 700ms=0 750ms=0 800ms=0 850ms=0 900ms=0 950ms=0 1000ms=0 1050ms=0 1100ms=0 1150ms=0 1200ms=0 1250ms=0 1300ms=0 1350ms=0 1400ms=0 1450ms=0 1500ms=0 1550ms=0 1600ms=0 1650ms=0 1700ms=0 1750ms=0 1800ms=0 1850ms=0 1900ms=0 1950ms=0 2000ms=0 2050ms=0 2100ms=0 2150ms=0 2200ms=0 2250ms=0 2300ms=0 2350ms=0 2400ms=0 2450ms=0 2500ms=0 2550ms=0 2600ms=0 2650ms=0 2700ms=0 2750ms=0 2800ms=0 2850ms=0 2900ms=0 2950ms=0 3000ms=0 3050ms=0 3100ms=0 3150ms=0 3200ms=0 3250ms=0 3300ms=0 3350ms=0 3400ms=0 3450ms=0 3500ms=0 3550ms=0 3600ms=0 3650ms=0 3700ms=0 3750ms=0 3800ms=0 3850ms=0 3900ms=0 3950ms=0 4000ms=0 4050ms=0 4100ms=0 4150ms=0 4200ms=0 4250ms=0 4300ms=0 4350ms=0 4400ms=0 4450ms=0 4500ms=0 4550ms=0 4600ms=0 4650ms=0 4700ms=0 4750ms=0 4800ms=0 4850ms=0 4900ms=0 4950ms=0
50th gpu percentile: 2ms
90th gpu percentile: 5ms
95th gpu percentile: 6ms
99th gpu percentile: 9ms
GPU HISTOGRAM: 1ms=75 2ms=56 3ms=21 4ms=9 5ms=5 6ms=6 7ms=1 8ms=3 9ms=2 10ms=0 11ms=0 12ms=0 13ms=0 14ms=0 15ms=0 16ms=0 17ms=0 18ms=1 19ms=0 20ms=0 21ms=0 22ms=0 23ms=0 24ms=0 25ms=0 4950ms=0

Pipeline=Skia (Vulkan)
Memory policy:
  Max surface area: 2592000
  Max resource usage: 124.42MB (x48)
  Background retention: 50% (altUiHidden = true)
  GPU Context timeout: 10
Contexts: 1 (stopped = 0)
CPU Caches:
  Glyph Cache: 24.65 KB (1 entry)
  Glyph Count: 1 
Total CPU memory usage:
  25243 bytes, 24.65 KB (0.00 bytes is purgeable)
GPU Caches:
  Other:
    Other: 0.00 bytes (1 entry)
  Image:
    Surface: 65.96 KB (2 entries)
  Scratch:
    Buffer Object: 64.00 KB (2 entries)
    Surface: 98.88 MB (22 entries)
Layer Info:
    VkLayer size 1080x2400
  Layers Total         10125.00 KB (numLayers = 1)
Total GPU memory usage:
  103813072 bytes, 99.00 MB (32.00 KB is purgeable)
Pipeline Cache: inactiveTextureView: 1080x2400

GraphicBufferAllocator buffers:
            Handle |         Size |     W (Stride) x H | Layers |   Format |      Usage | Requestor
0xb400007b0bdd8370 | 10200.00 KiB | 1080 (1088) x 2400 |      1 |        1 | 0x     b00 | VRI[MainActivity]#0(BLAST Consumer)0
0xb400007b0bdd9c30 | 10200.00 KiB | 1080 (1088) x 2400 |      1 |        1 | 0x     b00 | VRI[MainActivity]#0(BLAST Consumer)0
0xb400007b0be37b10 | 10200.00 KiB | 1080 (1088) x 2400 |      1 |        1 | 0x     b00 | VRI[MainActivity]#0(BLAST Consumer)0
0xb400007b0be37f30 | 10200.00 KiB | 1080 (1088) x 2400 |      1 |        1 | 0x     b00 | VRI[MainActivity]#0(BLAST Consumer)0
0xb400007b0be38350 | 10200.00 KiB | 1080 (1088) x 2400 |      1 |        1 | 0x     b00 | VRI[MainActivity]#0(BLAST Consumer)0
0xb400007b0be3ab30 | 10200.00 KiB | 1080 (1088) x 2400 |      1 |        1 | 0x     300 | SurfaceTexture-0-13980-0
0xb400007b0be7c2f0 | 10200.00 KiB | 1080 (1088) x 2400 |      1 |        1 | 0x     300 | SurfaceTexture-0-13980-0
0xb400007b0be7d4d0 | 10200.00 KiB | 1080 (1088) x 2400 |      1 |        1 | 0x     300 | SurfaceTexture-0-13980-0
0xb400007b0be7fe10 | 10200.00 KiB | 1080 (1088) x 2400 |      1 |        1 | 0x     300 | SurfaceTexture-0-13980-0
0xb400007b0be83a90 | 10200.00 KiB | 1080 (1088) x 2400 |      1 |        1 | 0x     300 | SurfaceTexture-0-13980-0
Total allocated by GraphicBufferAllocator (estimate): 102000.00 KB
Imported gralloc buffers:
Total imported by gralloc: 0KiB

Profile data in ms:

	org.ultimatemaps.spike.maplibre/org.ultimatemaps.spike.MainActivity/android.view.ViewRootImpl@5304d77 (visibility=0)
Window: org.ultimatemaps.spike.maplibre/org.ultimatemaps.spike.MainActivity
Stats since: 36623831570493ns
Total frames rendered: 179
Janky frames: 1 (0.56%)
Janky frames (legacy): 0 (0.00%)
50th percentile: 5ms
90th percentile: 6ms
95th percentile: 7ms
99th percentile: 10ms
Number Missed Vsync: 0
Number High input latency: 34
Number Slow UI thread: 0
Number Slow bitmap uploads: 0
Number Slow issue draw commands: 1
Number Frame deadline missed: 1
Number Frame deadline missed (legacy): 0
HISTOGRAM: 5ms=159 6ms=7 7ms=6 8ms=1 9ms=3 10ms=2 11ms=0 12ms=0 13ms=0 14ms=0 15ms=0 16ms=0 17ms=0 18ms=0 19ms=1 20ms=0 21ms=0 22ms=0 23ms=0 24ms=0 25ms=0 26ms=0 27ms=0 28ms=0 29ms=0 30ms=0 31ms=0 32ms=0 34ms=0 36ms=0 38ms=0 40ms=0 42ms=0 44ms=0 46ms=0 48ms=0 53ms=0 57ms=0 61ms=0 65ms=0 69ms=0 73ms=0 77ms=0 81ms=0 85ms=0 89ms=0 93ms=0 97ms=0 101ms=0 105ms=0 109ms=0 113ms=0 117ms=0 121ms=0 125ms=0 129ms=0 133ms=0 150ms=0 200ms=0 250ms=0 300ms=0 350ms=0 400ms=0 450ms=0 500ms=0 550ms=0 600ms=0 650ms=0 700ms=0 750ms=0 800ms=0 850ms=0 900ms=0 950ms=0 1000ms=0 1050ms=0 1100ms=0 1150ms=0 1200ms=0 1250ms=0 1300ms=0 1350ms=0 1400ms=0 1450ms=0 1500ms=0 1550ms=0 1600ms=0 1650ms=0 1700ms=0 1750ms=0 1800ms=0 1850ms=0 1900ms=0 1950ms=0 2000ms=0 2050ms=0 2100ms=0 2150ms=0 2200ms=0 2250ms=0 2300ms=0 2350ms=0 2400ms=0 2450ms=0 2500ms=0 2550ms=0 2600ms=0 2650ms=0 2700ms=0 2750ms=0 2800ms=0 2850ms=0 2900ms=0 2950ms=0 3000ms=0 3050ms=0 3100ms=0 3150ms=0 3200ms=0 3250ms=0 3300ms=0 3350ms=0 3400ms=0 3450ms=0 3500ms=0 3550ms=0 3600ms=0 3650ms=0 3700ms=0 3750ms=0 3800ms=0 3850ms=0 3900ms=0 3950ms=0 4000ms=0 4050ms=0 4100ms=0 4150ms=0 4200ms=0 4250ms=0 4300ms=0 4350ms=0 4400ms=0 4450ms=0 4500ms=0 4550ms=0 4600ms=0 4650ms=0 4700ms=0 4750ms=0 4800ms=0 4850ms=0 4900ms=0 4950ms=0
50th gpu percentile: 2ms
90th gpu percentile: 5ms
95th gpu percentile: 6ms
99th gpu percentile: 9ms
GPU HISTOGRAM: 1ms=75 2ms=56 3ms=21 4ms=9 5ms=5 6ms=6 7ms=1 8ms=3 9ms=2 10ms=0 11ms=0 12ms=0 13ms=0 14ms=0 15ms=0 16ms=0 17ms=0 18ms=1 19ms=0 20ms=0 21ms=0 22ms=0 23ms=0 24ms=0 25ms=0 4950ms=0



---PROFILEDATA---
Flags,FrameTimelineVsyncId,IntendedVsync,Vsync,InputEventId,HandleInputStart,AnimationStart,PerformTraversalsStart,DrawStart,FrameDeadline,FrameStartTime,FrameInterval,WorkloadTarget,AnimationTime,AnimationCounter,SyncQueued,SyncStart,IssueDrawCommandsStart,SwapBuffers,FrameCompleted,DequeueBufferDuration,QueueBufferDuration,GpuCompleted,SwapBuffersCompleted,DisplayPresentTime,CommandSubmissionCompleted,
0,1715711,36625048271151,36625048271151,0,36625049179665,36625049184996,36625049189553,36625049329201,36625064871151,36625049166522,16669692,16600000,36625048271151,-1,36625049477842,36625050154397,36625050259336,36625051078672,36625052228738,22339,573080,36625052228738,36625051784809,36625075467995,36625051078672,
0,1715718,36625064961050,36625064961050,0,36625065735289,36625065741026,36625065745949,36625065883726,36625081561050,36625065722593,16671140,16600000,36625064961050,-1,36625066031472,36625066774107,36625066832375,36625067437193,36625072952533,18188,637940,36625072952533,36625068192198,36625092223407,36625067437193,
0,1715725,36625081646640,36625081646640,0,36625082476052,36625082478575,36625082480691,36625082568663,36625098246640,36625082466775,16670334,16600000,36625081646640,-1,36625082666319,36625083518573,36625083579242,36625083968036,36625085089862,10742,319458,36625085089862,36625084354470,36625108791156,36625083968036,
0,1715732,36625398579914,36625398579914,-283602174,36625399009337,36625399010679,36625399011168,36625399055601,36625415179914,36625399004454,16677615,16600000,36625398579914,-1,36625399103371,36625399533466,36625399568378,36625399873066,36625401420795,10620,232422,36625401420795,36625400160094,36625425506285,36625399873066,
0,1715739,36625431657001,36625431657001,0,36625432484678,36625432489887,36625432492165,36625432629454,36625448257001,36625432474506,16666667,16600000,36625431657001,-1,36625432775531,36625433452615,36625433570575,36625434316466,36625435092833,21403,432169,36625435092833,36625434849872,36625458934345,36625434316466,
0,1715758,36625498323669,36625498323669,-179457420,36625499064390,36625499066506,36625499319029,36625499397642,36625514923669,36625499058531,16668828,16600000,36625498323669,-1,36625499485533,36625499960793,36625500049294,36625500404763,36625506553892,12288,218750,36625506553892,36625500674010,36625525570779,36625500404763,
0,1715765,36625515014387,36625515014387,0,36625515744281,36625515745624,36625515947081,36625515988015,36625531614387,36625515739805,16668828,16600000,36625515014387,-1,36625516066832,36625516320453,36625516359231,36625516657734,36625524644509,6836,184163,36625524644509,36625516879617,36625542212991,36625516657734,
0,1715772,36625531683215,36625531683215,0,36625532352354,36625532354267,36625532712340,36625532772805,36625548283215,36625532346536,16668828,16600000,36625531683215,-1,36625532832579,36625533309915,36625533361265,36625533775491,36625541503437,13103,313883,36625541503437,36625534164854,36625558907083,36625533775491,
0,1715779,36625548352043,36625548352043,0,36625549272927,36625549277647,36625549801654,36625549912698,36625564952043,36625549262389,16682682,16600000,36625548352043,-1,36625550016376,36625550624856,36625550674335,36625551077086,36625568610859,12411,380371,36625568610859,36625551530211,36625575569680,36625551077086,
0,1715786,36625565161913,36625565161913,0,36625566088886,36625566091978,36625566539976,36625566634377,36625598317407,36625566082579,16683711,16600000,36625565161913,-1,36625566724099,36625567173399,36625567221454,36625567841775,36625571737568,10701,324381,36625571737568,36625568227232,36625592191303,36625567841775,
0,1715793,36625581840462,36625581840462,0,36625582729999,36625582732034,36625583041930,36625583103209,36625615001118,36625582724058,16684746,16600000,36625581840462,-1,36625583165017,36625583582131,36625583634337,36625584150938,36625587505308,14445,299805,36625587505308,36625584535989,36625608856627,36625584150938,
0,1715800,36625598540677,36625598540677,0,36625599277444,36625599279967,36625599701679,36625599790790,36625631685864,36625599269062,16684222,16600000,36625598540677,-1,36625599878355,36625600318256,36625600358376,36625601390440,36625603315326,12004,280273,36625603315326,36625601752745,36625625547708,36625601390440,
0,1715807,36625615213974,36625615213974,0,36625616095234,36625616097960,36625616695820,36625616804340,36625648370086,36625616088113,16681501,16600000,36625615213974,-1,36625616903990,36625617429788,36625617482766,36625617965554,36625621228575,9685,284953,36625621228575,36625618324522,36625642221047,36625617965554,
0,1715814,36625631874957,36625631874957,0,36625632721373,36625632723692,36625633128884,36625633197935,36625665051587,36625632715188,16679654,16600000,36625631874957,-1,36625633263446,36625633849994,36625633904438,36625634496357,36625638867410,12939,346191,36625638867410,36625634926288,36625658901467,36625634496357,
0,1715821,36625648530352,36625648530352,0,36625649358539,36625649361306,36625649856993,36625649956521,36625681731241,36625649350849,16677995,16600000,36625648530352,-1,36625650047667,36625650638813,36625650681375,36625651069233,36625652397927,11352,277832,36625652397927,36625651423481,36625675583596,36625651069233,
0,1715828,36625665190216,36625665190216,0,36625665875629,36625665877216,36625666217467,36625666278665,36625698409236,36625665870339,16677548,16600000,36625665190216,-1,36625666338031,36625666929177,36625666983295,36625667528461,36625668924823,12411,348104,36625668924823,36625667959736,36625692218728,36625667528461,
0,1715835,36625681858650,36625681858650,0,36625682585102,36625682587258,36625682967955,36625683048033,36625715086784,36625682578144,16675441,16600000,36625681858650,-1,36625683123676,36625683875019,36625683946511,36625684446674,36625692716612,13224,322469,36625692716612,36625684848733,36625708883157,36625684446674,
0,1715842,36625698515780,36625698515780,0,36625699324075,36625699326272,36625699734923,36625699859312,36625731762225,36625699317605,16673200,16600000,36625698515780,-1,36625699945006,36625700551980,36625700598163,36625700987812,36625703323749,11922,294067,36625703323749,36625701361225,36625725548155,36625700987812,
0,1715849,36625715172451,36625715172451,0,36625716239887,36625716242125,36625716757994,36625716858865,36625748435425,36625716232237,16666949,16600000,36625715172451,-1,36625716949238,36625717461078,36625717512714,36625717905170,36625723498513,11800,257487,36625723498513,36625718236835,36625742216287,36625717905170,
0,1715856,36625731791723,36625731791723,0,36625732706399,36625732709980,36625733412210,36625733523212,36625765102374,36625732698261,16666652,16600000,36625731791723,-1,36625733626199,36625734206155,36625734326516,36625734845315,36625736110899,16805,440877,36625736110899,36625735395242,36625758890969,36625734845315,
0,1715864,36625748455207,36625748455207,0,36625749547708,36625749551817,36625750091287,36625750200173,36625781769026,36625749536925,16666418,16600000,36625748455207,-1,36625750309793,36625750985940,36625751061135,36625751715351,36625753254413,20142,640381,36625753254413,36625752481546,36625775557880,36625751715351,
0,1715872,36625765118973,36625765118973,0,36625766203673,36625766208678,36625767066710,36625767192483,36625798435444,36625766193175,16666605,16600000,36625765118973,-1,36625767320087,36625768617695,36625768772114,36625769574360,36625772367084,25472,510742,36625772367084,36625770236917,36625792210794,36625769574360,
0,1715880,36625781786484,36625781786484,0,36625782626199,36625782630960,36625782634581,36625782781147,36625815102049,36625782613015,16666746,16600000,36625781786484,-1,36625782938658,36625783608539,36625783691425,36625784332538,36625785953144,14120,323079,36625785953144,36625784795103,36625808927102,36625784332538,
0,1715887,36625798454829,36625798454829,0,36625799549417,36625799556171,36625799560240,36625799693582,36625831768795,36625799537820,16667631,16600000,36625798454829,-1,36625799831155,36625800356179,36625800420185,36625800934833,36625801551410,33773,241699,36625801551410,36625801237201,36625825585305,36625800934833,
0,1715894,36625815129125,36625815129125,0,36625815594461,36625815595356,36625815596251,36625815629129,36625848436426,36625815591368,16667164,16600000,36625815129125,-1,36625815664570,36625816427997,36625816501077,36625817262836,36625817909361,18677,420410,36625817909361,36625817807962,36625842240742,36625817262836,
0,1715901,36625831791092,36625831791092,0,36625832546609,36625832552387,36625832556375,36625832701028,36625865103590,36625832534036,16667379,16600000,36625831791092,-1,36625832852721,36625833549091,36625833679828,36625834624449,36625837441303,25554,744059,36625837441303,36625835489317,36625858886331,36625834624449,
0,1715908,36625848465675,36625848465675,0,36625849265888,36625849271544,36625849275328,36625849412942,36625881770969,36625849252989,16667885,16600000,36625848465675,-1,36625849552713,36625850442809,36625850719786,36625851645405,36625852625711,26367,916626,36625852215025,36625852625711,36625875617613,36625851645405,
0,1715915,36625865140281,36625865140281,0,36625865880064,36625865885313,36625865890074,36625866013976,36625898438854,36625865867410,16668000,16600000,36625865140281,-1,36625866148253,36625866373310,36625866401142,36625866617857,36625867617695,5575,144490,36625867617695,36625866788268,36625892271056,36625866617857,
0,1715922,36625881809681,36625881809681,0,36625882569721,36625882574970,36625882579690,36625882712991,36625915106854,36625882557351,16667362,16600000,36625881809681,-1,36625882854186,36625884188943,36625884337625,36625885173115,36625886252257,23234,516561,36625886252257,36625885839496,36625908904031,36625885173115,
0,1715929,36625898469813,36625898469813,0,36625899182962,36625899188536,36625899193134,36625899315937,36625931774216,36625899170022,16670876,16600000,36625898469813,-1,36625899447691,36625900334329,36625900442524,36625901221292,36625901953591,21932,543824,36625901953591,36625901910867,36625925580911,36625901221292,
0,1715936,36625915171910,36625915171910,0,36625916285582,36625916290058,36625916294859,36625916422341,36625948445092,36625916270649,16671782,16600000,36625915171910,-1,36625916548969,36625917413430,36625917535989,36625918378315,36625918969623,21525,457967,36625918812356,36625918969623,36625942246153,36625918378315,
0,1715943,36625931851544,36625931851544,0,36625932729267,36625932734882,36625932739846,36625932877989,36625965116874,36625932715310,16670924,16600000,36625931851544,-1,36625933026183,36625934447407,36625934590188,36625935495014,36625936448139,22623,682047,36625936448139,36625936334329,36625958897805,36625935495014,
0,1715950,36625948511800,36625948511800,0,36625949113870,36625949117532,36625949121153,36625949221088,36625981787798,36625949103819,16670237,16600000,36625948511800,-1,36625949324685,36625949995258,36625950086933,36625950929218,36625951538878,18067,473592,36625951266417,36625951538878,36625975594013,36625950929218,
0,1715957,36625965174670,36625965174670,0,36625965701516,36625965702411,36625965703469,36625965741474,36625998458035,36625965698302,16669333,16600000,36625965174670,-1,36625965784280,36625966532205,36625966635761,36625967513406,36625970439716,21932,675944,36625970439716,36625968490864,36625992295510,36625967513406,
0,1715964,36625981835237,36625981835237,0,36625982435322,36625982438618,36625982442442,36625982539326,36626015127368,36625982425759,16668006,16600000,36625981835237,-1,36625982644550,36625983411884,36625983487771,36625984299173,36625984806090,19531,409423,36625984702859,36625984806090,36626008925393,36625984299173,
0,1715971,36625998489867,36625998489867,0,36625999121560,36625999124978,36625999128559,36625999222675,36626031795374,36625999112364,16667779,16600000,36625998489867,-1,36625999325825,36626000414285,36626000525125,36626001253518,36626002655496,19450,1279256,36626002483946,36626002655496,36626025616311,36626001253518,
0,1715978,36626015157389,36626015157389,0,36626015876240,36626015879658,36626015883360,36626015987812,36626048463153,36626015866393,16668014,16600000,36626015157389,-1,36626016174457,36626016869973,36626016927835,36626017360737,36626020163919,13997,291422,36626020163919,36626017724506,36626042286843,36626017360737,
0,1715985,36626031833347,36626031833347,0,36626033047708,36626033053893,36626033059101,36626033212096,36626065131167,36626033033466,16667885,16600000,36626031833347,-1,36626033367084,36626034384459,36626034471048,36626035366962,36626037221739,20630,560588,36626037221739,36626036280781,36626058954324,36626035366962,
0,1715992,36626048499770,36626048499770,0,36626049475157,36626049478697,36626049482400,36626049585712,36626081799052,36626049465392,16669543,16600000,36626048499770,-1,36626049695454,36626050374612,36626050469379,36626051129983,36626052115782,18514,521688,36626052115782,36626051860533,36626075601215,36626051129983,
0,1715999,36626065183648,36626065183648,0,36626065807514,36626065811990,36626065815896,36626065928811,36626098468595,36626065796528,16670009,16600000,36626065183648,-1,36626066270934,36626067194396,36626067478535,36626068592426,36626069967385,22746,681559,36626069967385,36626069373473,36626092258849,36626068592426,
0,1716006,36626081858583,36626081858583,0,36626082562722,36626082566100,36626082569599,36626082666848,36626115138604,36626082552875,16669225,16600000,36626081858583,-1,36626082771300,36626083465717,36626083649392,36626084378803,36626085538634,17985,413005,36626085538634,36626084901874,36626108947122,36626084378803,
0,1716013,36626098523468,36626098523468,0,36626099696878,36626099701191,36626099705830,36626099892475,36626131807829,36626099684671,16668744,16600000,36626098523468,-1,36626100103250,36626101050597,36626101119851,36626102298888,36626103344786,17090,884847,36626102824563,36626103344786,36626125657286,36626102298888,
0,1716020,36626115186761,36626115186761,0,36626116105854,36626116109557,36626116113015,36626116207416,36626148476573,36626116095803,16669213,16600000,36626115186761,-1,36626116346455,36626117231057,36626117302591,36626117863382,36626120462055,14649,388957,36626120462055,36626118357970,36626142288756,36626117863382,
0,1716027,36626782041568,36626782041568,-263571902,36626782572773,36626782574157,36626782575255,36626782613952,36626798641568,36626782568135,16671000,16600000,36626782041568,-1,36626782661111,36626783155374,36626783190368,36626783499165,36626784617044,11027,183838,36626784617044,36626783737772,36626809148620,36626783499165,
0,1716034,36626798712568,36626798712568,0,36626799450906,36626799454446,36626799456481,36626799548359,36626815312568,36626799442850,16666667,16600000,36626798712568,-1,36626799646789,36626800467508,36626800533182,36626801131164,36626804107848,14201,458049,36626804107848,36626801677835,36626825865010,36626801131164,
0,1716041,36626815301001,36626815301001,0,36626815966084,36626815967671,36626815968729,36626816136901,36626831901001,36626815959858,16666667,16600000,36626815301001,-1,36626816208678,36626816353616,36626816451069,36626817342304,36626818426045,16968,426026,36626818426045,36626817858581,36626842505757,36626817342304,
0,1716048,36626831967668,36626831967668,-977605673,36626832714334,36626832715596,36626832957986,36626833023131,36626848567668,36626832708637,16666667,16600000,36626831967668,-1,36626833094868,36626833450988,36626833496357,36626833919046,36626838470438,12085,238159,36626838470438,36626834206481,36626859171487,36626833919046,
0,1716055,36626848634335,36626848634335,0,36626849783629,36626849788065,36626850306375,36626850437641,36626865234335,36626849772236,16666667,16600000,36626848634335,-1,36626850570576,36626851257344,36626851389180,36626852213113,36626853898050,20590,569336,36626853898050,36626852933288,36626875835835,36626852213113,
0,1716062,36626865301002,36626865301002,0,36626866678486,36626866683572,36626867516173,36626867734313,36626881901002,36626866665587,16666667,16600000,36626865301002,-1,36626867929219,36626868889627,36626869002868,36626869846740,36626870457783,12899,357056,36626870457783,36626870296162,36626892529316,36626869846740,
0,1716069,36626881967669,36626881967669,0,36626883004088,36626883009378,36626883529357,36626883632099,36626898567669,36626882991515,16663571,16600000,36626881967669,-1,36626883736022,36626884607807,36626884728006,36626886000955,36626886502339,16032,391968,36626886214375,36626886502339,36626909231668,36626886000955,
0,1716077,36626898657474,36626898657474,0,36626899909036,36626899911681,36626900581684,36626900692646,36626915257474,36626899894876,16663571,16600000,36626898657474,-1,36626900796447,36626901350687,36626901397073,36626902190164,36626903503437,10905,383871,36626903503437,36626903007099,36626925841125,36626902190164,
0,1716085,36626915321045,36626915321045,0,36626916378234,36626916380065,36626916842549,36626916981750,36626931921045,36626916372049,16674176,16600000,36626915321045,-1,36626917056009,36626917728250,36626917799621,36626918306212,36626921065693,16520,390259,36626921065693,36626918794494,36626942566019,36626918306212,
0,1716092,36626932072991,36626932072991,0,36626932834004,36626932836567,36626933190612,36626933259459,36626948672991,36626932828917,16680943,16600000,36626932072991,-1,36626933316100,36626933845885,36626933916767,36626934379210,36626936714822,13387,373739,36626936714822,36626934837991,36626959178283,36626934379210,
0,1716099,36626948808071,36626948808071,0,36626949572855,36626949576354,36626950172057,36626950303283,36626965408071,36626949561990,16679335,16600000,36626948808071,-1,36626950436380,36626951349100,36626951428649,36626952378153,36626953061014,17945,372803,36626953061014,36626952860127,36626975884256,36626952378153,
0,1716106,36626965473469,36626965473469,0,36626966239928,36626966243021,36626966844258,36626966965962,36626982073469,36626966229796,16681002,16600000,36626965473469,-1,36626967078389,36626968271748,36626968325866,36626968850076,36626969775003,18269,354492,36626969775003,36626969285542,36626992535908,36626968850076,
0,1716113,36626982170029,36626982170029,0,36626982865172,36626982867085,36626983292581,36626983379210,36626998770029,36626982858336,16678786,16600000,36626982170029,-1,36626983464131,36626984208434,36626984279967,36626984775939,36626985280740,11596,293864,36626985280740,36626985149433,36627009241149,36626984775939,
0,1716120,36626998826656,36626998826656,0,36626999577371,36626999579772,36627000074279,36627000172545,36627015426656,36626999570861,16678553,16600000,36626998826656,-1,36627000260762,36627000849995,36627000910338,36627001374206,36627002059101,16765,306803,36627002059101,36627001756611,36627025907409,36627001374206,
0,1716127,36627015502726,36627015502726,0,36627016191222,36627016193542,36627016500426,36627016563211,36627032102726,36627016186217,16676290,16600000,36627015502726,-1,36627016624897,36627017125426,36627017174051,36627017676248,36627018449889,12614,325561,36627018449889,36627018077290,36627042556009,36627017676248,
0,1716134,36627032159136,36627032159136,0,36627032970845,36627032972350,36627033320495,36627033382913,36627048759136,36627032965392,16679764,16600000,36627032159136,-1,36627033441914,36627033989033,36627034048034,36627034673034,36627035490213,12655,347412,36627035490213,36627035106912,36627059255187,36627034673034,
0,1716141,36627048863735,36627048863735,0,36627049341654,36627049343240,36627049660989,36627049716898,36627065463735,36627049337503,16679505,16600000,36627048863735,-1,36627049766011,36627050408670,36627050463887,36627050892069,36627052732645,13794,358602,36627052732645,36627051329365,36627075920104,36627050892069,
0,1716148,36627065538892,36627065538892,0,36627066302225,36627066304341,36627066726989,36627066801777,36627082138892,36627066296081,16676784,16600000,36627065538892,-1,36627066860615,36627067788919,36627067864115,36627068443786,36627069798400,13224,406901,36627069798400,36627069548115,36627092558166,36627068443786,
0,1716155,36627082190709,36627082190709,0,36627082820291,36627082822651,36627083202046,36627083272236,36627098790709,36627082813822,16674633,16600000,36627082190709,-1,36627083340067,36627084152282,36627084215840,36627084749409,36627085713805,11841,867961,36627085462259,36627085713805,36627109228494,36627084749409,
0,1716162,36627098850208,36627098850208,0,36627099648701,36627099651509,36627100187845,36627100282775,36627115450208,36627099640075,16671544,16600000,36627098850208,-1,36627100372456,36627101495096,36627101706033,36627102660623,36627103381652,21688,607259,36627103067524,36627103381652,36627125887796,36627102660623,
0,1716169,36627115500204,36627115500204,0,36627117045837,36627117049458,36627117532409,36627117640197,36627132100204,36627117036071,16670593,16600000,36627115500204,-1,36627117742980,36627118366922,36627118438862,36627119716898,36627120964049,14038,958903,36627120233011,36627120964049,36627142543802,36627119716898,
0,1716176,36627132160240,36627132160240,0,36627132799865,36627132802225,36627133296772,36627133369160,36627148760240,36627132793680,16669935,16600000,36627132160240,-1,36627133429056,36627134622537,36627134699849,36627135645242,36627136355610,10864,617798,36627136184997,36627136355610,36627159230163,36627135645242,
0,1716183,36627148822717,36627148822717,0,36627149712585,36627149716938,36627149720723,36627149829813,36627165422717,36627149701842,16668952,16600000,36627148822717,-1,36627149937845,36627150974303,36627151091938,36627152125019,36627153185241,20793,924887,36627152467834,36627153185241,36627175863057,36627152125019,
0,1716190,36627165481609,36627165481609,0,36627166323547,36627166327493,36627166330911,36627166542581,36627182081609,36627166314310,16667932,16600000,36627165481609,-1,36627166645771,36627167613911,36627167709207,36627168576598,36627169459980,17497,759562,36627169160990,36627169459980,36627192547708,36627168576598,
0,1716197,36627182137980,36627182137980,0,36627183032368,36627183036152,36627183039570,36627183128315,36627198737980,36627183023172,16666711,16600000,36627182137980,-1,36627183225524,36627183783263,36627183915872,36627184664814,36627185655212,20386,408895,36627185655212,36627185177591,36627209211852,36627184664814,
0,1716204,36627198796125,36627198796125,0,36627199613219,36627199617899,36627199621683,36627199742492,36627215396125,36627199601501,16665625,16600000,36627198796125,-1,36627199866597,36627200912821,36627200995869,36627202200744,36627204166523,18514,147909,36627204166523,36627202392069,36627225920267,36627202200744,
0,1716212,36627215449442,36627215449442,0,36627216141051,36627216144917,36627216148620,36627216258727,36627232049442,36627216130635,16663316,16600000,36627215449442,-1,36627216368428,36627216622456,36627216650817,36627216919209,36627217908955,5575,130534,36627217908955,36627217080789,36627242543843,36627216919209,
0,1716220,36627232096422,36627232096422,0,36627232763285,36627232768574,36627232772277,36627232889790,36627248696422,36627232752380,16663493,16600000,36627232096422,-1,36627233007669,36627233241475,36627233266418,36627233571390,36627234484232,5534,184082,36627234484232,36627233799295,36627259204487,36627233571390,
0,1716228,36627248761922,36627248761922,0,36627249640238,36627249644836,36627249649596,36627249770812,36627265361922,36627249629373,16665019,16600000,36627248761922,-1,36627249899434,36627250351745,36627250385355,36627250689717,36627251478128,9643,235595,36627251478128,36627250979512,36627275877624,36627250689717,
0,1716236,36627265444564,36627265444564,0,36627266221577,36627266227152,36627266231994,36627266357319,36627282044564,36627266209167,16664832,16600000,36627265444564,-1,36627266493062,36627267488748,36627267763773,36627268711608,36627269335184,22460,480062,36627269199564,36627269335184,36627292552469,36627268711608,
0,1716244,36627282107277,36627282107277,0,36627283072896,36627283077331,36627283081034,36627283190083,36627298707277,36627283062479,16664022,16600000,36627282107277,-1,36627283465840,36627284210957,36627284302184,36627285067728,36627286518900,21729,485433,36627286518900,36627285685770,36627309242939,36627285067728,
0,1716252,36627298764445,36627298764445,0,36627300279927,36627300284484,36627300289163,36627300566385,36627315364445,36627300267516,16664775,16600000,36627298764445,-1,36627300703958,36627301512145,36627301651956,36627302608133,36627303496683,22868,811768,36627303298604,36627303496683,36627325971537,36627302608133,
0,1716260,36627315435239,36627315435239,0,36627316323099,36627316327778,36627316332458,36627316459736,36627332035239,36627316310119,16665974,16600000,36627315435239,-1,36627316593688,36627317421569,36627317507140,36627318179911,36627318849995,21078,446330,36627318849995,36627318739969,36627342614033,36627318179911,
0,1716268,36627348829040,36627348829040,0,36627349500793,36627349507832,36627349513244,36627349680887,36627365429040,36627349485371,16670968,16600000,36627348829040,-1,36627349868631,36627350736388,36627350876973,36627352115620,36627353209818,32877,519857,36627353209818,36627352771016,36627375944518,36627352115620,
0,1716275,36627365500008,36627365500008,0,36627365939310,36627365940002,36627365940978,36627365973774,36627382100008,36627365935241,16670968,16600000,36627365500008,-1,36627366009907,36627367228739,36627367331400,36627368287577,36627370706034,22990,706991,36627370706034,36627369172424,36627392602477,36627368287577,
0,1716282,36627382170976,36627382170976,0,36627383280741,36627383285542,36627383290669,36627383659850,36627398770976,36627383265075,16672382,16600000,36627382170976,-1,36627383826476,36627384597066,36627384691873,36627385759785,36627386310322,13631,477376,36627386287129,36627386310322,36627409411966,36627385759785,
0,1716289,36627398858342,36627398858342,0,36627399885762,36627399889872,36627399893981,36627400198669,36627415458342,36627399870706,16673817,16600000,36627398858342,-1,36627400407002,36627401334411,36627401404764,36627401950785,36627406209777,16724,328613,36627406209777,36627402369201,36627425925719,36627401950785,
0,1716296,36627415558552,36627415558552,0,36627415923034,36627415924295,36627415925475,36627415973530,36627432158552,36627415918273,16673495,16600000,36627415558552,-1,36627416089863,36627416741393,36627416789855,36627417189391,36627420563415,12695,276530,36627420563415,36627417538472,36627442580423,36627417189391,
0,1716303,36627432224870,36627432224870,0,36627434058166,36627434062723,36627434067158,36627434184956,36627448824870,36627434044290,16678734,16600000,36627432224870,-1,36627434471699,36627434961120,36627435014139,36627435436991,36627436905456,13062,273885,36627436905456,36627435788594,36627459290059,36627435436991,
0,1716310,36627448958557,36627448958557,0,36627449692891,36627449697082,36627449701558,36627449811828,36627465558557,36627449682067,16677829,16600000,36627448958557,-1,36627449932678,36627450553649,36627450599914,36627451156758,36627452726989,15910,389242,36627452726989,36627451656270,36627476005309,36627451156758,
0,1716317,36627465614385,36627465614385,0,36627467349873,36627467353983,36627467358459,36627467641865,36627482214385,36627467338968,16674677,16600000,36627465614385,-1,36627467768656,36627468501810,36627468615946,36627469339985,36627470094380,19246,636027,36627469864969,36627470094380,36627492638936,36627469339985,
0,1716324,36628165799607,36628165799607,-898092248,36628166756815,36628166759786,36628166760396,36628166840271,36628182399607,36628166748230,16672345,16600000,36628165799607,-1,36628166929097,36628167714701,36628167768331,36628168361348,36628169908915,20833,326661,36628169908915,36628168767069,36628192783996,36628168361348,
0,1716331,36628182471952,36628182471952,0,36628183065653,36628183066670,36628183067525,36628183106018,36628199071952,36628183062276,16666667,16600000,36628182471952,-1,36628183149190,36628183637553,36628183675435,36628183974182,36628185046936,6714,223226,36628185046936,36628184232930,36628209389994,36628183974182,
0,1716338,36628198912001,36628198912001,0,36628199645853,36628199648213,36628199650044,36628199741150,36628215512001,36628199638163,16666667,16600000,36628198912001,-1,36628199838480,36628200196228,36628200226298,36628200494201,36628201644226,7649,209920,36628201644226,36628200744486,36628226115499,36628200494201,
0,1716345,36628232245335,36628232245335,-622495891,36628233236063,36628233244771,36628233763163,36628233962585,36628248845335,36628233219543,16666667,16600000,36628232245335,-1,36628234163269,36628235011373,36628235127624,36628236227600,36628237121154,29744,543376,36628236939514,36628237121154,36628259399760,36628236227600,
0,1716352,36628248912002,36628248912002,0,36628249792256,36628249795145,36628250124288,36628250203267,36628265512002,36628249785746,16666667,16600000,36628248912002,-1,36628250285420,36628250763000,36628250842631,36628251320536,36628253242737,10742,300212,36628253242737,36628251679992,36628276044006,36628251320536,
0,1716359,36628265578669,36628265578669,0,36628266168029,36628266171570,36628266541483,36628266626485,36628282178669,36628266159037,16667514,16600000,36628265578669,-1,36628266709330,36628267221700,36628267277933,36628267768534,36628269293518,14649,403809,36628269293518,36628268253031,36628292730529,36628267768534,
0,1716366,36628282246160,36628282246160,0,36628283118469,36628283122334,36628283710144,36628283868998,36628298846160,36628283107564,16667514,16600000,36628282246160,-1,36628284111999,36628284858907,36628284952006,36628285534362,36628287053731,16479,369710,36628287053731,36628285991597,36628309363342,36628285534362,
0,1716373,36628298913674,36628298913674,0,36628299630961,36628299633890,36628300182556,36628300277933,36628315513674,36628299623352,16671036,16600000,36628298913674,-1,36628300367533,36628301013692,36628301089579,36628301589050,36628302345520,13264,350627,36628302345520,36628302023458,36628326091410,36628301589050,
0,1716380,36628315610538,36628315610538,0,36628316364196,36628316366679,36628316859517,36628316959696,36628332210538,36628316356994,16673794,16600000,36628315610538,-1,36628317050883,36628317836120,36628317928934,36628318367004,36628319635884,12655,326213,36628319635884,36628318771749,36628342730692,36628318367004,
0,1716387,36628332306396,36628332306396,0,36628333050761,36628333052388,36628333344421,36628333402933,36628348906396,36628333045674,16672349,16600000,36628332306396,-1,36628333462667,36628333920064,36628333977600,36628334367737,36628335189514,11882,314006,36628335189514,36628334757955,36628359351745,36628334367737,
0,1716394,36628348966222,36628348966222,0,36628349547912,36628349549743,36628349860372,36628349923319,36628365566222,36628349543274,16674653,16600000,36628348966222,-1,36628349969055,36628350439026,36628350486592,36628351123962,36628351905456,13753,322306,36628351905456,36628351529317,36628376036234,36628351123962,
0,1716401,36628365662379,36628365662379,0,36628366653910,36628366657125,36628367188985,36628367301534,36628382262379,36628366645040,16674301,16600000,36628365662379,-1,36628367404439,36628368138977,36628368197204,36628368710876,36628369961364,14567,476603,36628369961364,36628369292216,36628392738668,36628368710876,
0,1716408,36628382333161,36628382333161,0,36628382993306,36628382996236,36628383475932,36628383577860,36628398933161,36628382984965,16672051,16600000,36628382333161,-1,36628383673685,36628384385477,36628384451233,36628385126404,36628386259908,17456,444540,36628386259908,36628385681295,36628409372741,36628385126404,
0,1716415,36628398981212,36628398981212,0,36628399775004,36628399778625,36628400395853,36628400499979,36628415581212,36628399764750,16671467,16600000,36628398981212,-1,36628400592061,36628401233337,36628401312073,36628401867737,36628403280294,16683,312175,36628403280294,36628402264709,36628426044413,36628401867737,
0,1716422,36628415644350,36628415644350,0,36628416272522,36628416274393,36628416583476,36628416639546,36628432244350,36628416265360,16672196,16600000,36628415644350,-1,36628416693990,36628417187724,36628417237854,36628417860331,36628419315084,15950,314737,36628419315084,36628418287414,36628442747253,36628417860331,
0,1716429,36628432322747,36628432322747,0,36628433066996,36628433069478,36628433474223,36628433542379,36628448922747,36628433061869,16669647,16600000,36628432322747,-1,36628433603780,36628434115458,36628434230123,36628434770162,36628436165059,12491,315511,36628436165059,36628435224345,36628459538920,36628434770162,
0,1716436,36628448970260,36628448970260,0,36628449779398,36628449783305,36628450455627,36628450562439,36628465570260,36628449769348,16668698,16600000,36628448970260,-1,36628450667948,36628451271464,36628451333069,36628451830505,36628453529480,15625,591309,36628453529480,36628452525167,36628476060770,36628451830505,
0,1716443,36628465630029,36628465630029,0,36628466553202,36628466557352,36628467291443,36628467389791,36628482230029,36628466544006,16668842,16600000,36628465630029,-1,36628467489319,36628468244608,36628468365702,36628469347269,36628470629903,19368,1102051,36628470115295,36628470629903,36628492725403,36628469347269,
0,1716450,36628482303418,36628482303418,0,36628483040263,36628483043436,36628483564433,36628483670837,36628498903418,36628483030782,16672996,16600000,36628482303418,-1,36628483778300,36628484608541,36628484900004,36628485527852,36628487167623,20589,373128,36628487167623,36628485976379,36628509430928,36628485527852,
0,1716457,36628499025958,36628499025958,0,36628500916239,36628500920919,36628501557719,36628501873311,36628515625958,36628500905538,16671810,16600000,36628499025958,-1,36628502256612,36628504464701,36628504552470,36628505253072,36628505856303,23763,466227,36628505631124,36628505856303,36628526041483,36628505253072,
0,1716464,36628515682754,36628515682754,0,36628516423482,36628516427388,36628516942973,36628517048034,36628532282754,36628516413554,16670428,16600000,36628515682754,-1,36628517158915,36628517760396,36628517851867,36628518507629,36628520670430,14282,514770,36628520670430,36628519130351,36628542706645,36628518507629,
0,1716471,36628532337520,36628532337520,0,36628533243225,36628533245463,36628533725810,36628533802673,36628548937520,36628533235860,16670843,16600000,36628532337520,-1,36628533877909,36628534746358,36628534840637,36628535640971,36628536512593,17496,746786,36628536141052,36628536512593,36628559376485,36628535640971,
0,1716478,36628549012107,36628549012107,0,36628549686788,36628549691426,36628549694804,36628549816915,36628565612107,36628549677063,16668927,16600000,36628549012107,-1,36628549939799,36628550657409,36628550750427,36628551452901,36628552190979,19490,438110,36628552190979,36628551994405,36628576039652,36628551452901,
0,1716485,36628565659320,36628565659320,0,36628566134379,36628566138367,36628566141988,36628566242045,36628582259320,36628566124328,16668757,16600000,36628565659320,-1,36628566348734,36628566790466,36628566829813,36628567135966,36628567752909,8789,221476,36628567752909,36628567411926,36628592736470,36628567135966,
0,1716492,36628582320331,36628582320331,0,36628582952250,36628582956685,36628582961487,36628583076924,36628598920331,36628582941386,16666170,16600000,36628582320331,-1,36628583200093,36628583518534,36628583550395,36628583806376,36628584377095,6917,154907,36628584377095,36628583999654,36628609449158,36628583806376,
0,1716500,36628598963610,36628598963610,0,36628599795756,36628599800679,36628599805277,36628599937276,36628615563610,36628599781189,16663608,16600000,36628598963610,-1,36628600208191,36628600498271,36628600525452,36628600748148,36628602429586,6430,169800,36628602429586,36628600954081,36628626088440,36628600748148,
0,1716508,36628615606222,36628615606222,0,36628616587219,36628616592265,36628616596822,36628616727437,36628632206222,36628616574849,16664302,16600000,36628615606222,-1,36628616862325,36628618151876,36628618301697,36628619354187,36628620437968,28076,924601,36628619576762,36628620437968,36628642861430,36628619354187,
0,1716516,36628632278391,36628632278391,0,36628632906596,36628632909892,36628632912821,36628632998881,36628648878391,36628632897766,16664311,16600000,36628632278391,-1,36628633092509,36628633723572,36628633787414,36628634372986,36628636403259,17008,438354,36628636403259,36628634904683,36628659402242,36628634372986,
0,1716524,36628648952420,36628648952420,0,36628650231140,36628650234273,36628650237162,36628650434387,36628665552420,36628650222351,16663455,16600000,36628648952420,-1,36628650562398,36628651125915,36628651192525,36628651859477,36628652499369,16114,509115,36628652360657,36628652499369,36628676105692,36628651859477,
0,1716532,36628665614623,36628665614623,0,36628666369039,36628666372945,36628666375753,36628666573425,36628682214623,36628666360331,16668024,16600000,36628665614623,-1,36628666715108,36628666921203,36628666938782,36628667095927,36628669446106,3459,100220,36628669446106,36628667216492,36628692745870,36628667095927,
0,1716539,36628682334210,36628682334210,0,36628682886495,36628682889384,36628682892069,36628682974752,36628698934210,36628682878235,16667104,16600000,36628682334210,-1,36628683063700,36628683640035,36628683739970,36628684380229,36628686279032,17660,347493,36628686279032,36628684891215,36624975381610,36628684380229,
0,1716546,36628698990888,36628698990888,0,36628699616068,36628699619527,36628699622213,36628699719381,36628715590888,36628699607198,16673036,16600000,36628698990888,-1,36628699815979,36628700590881,36628700706604,36628701639099,36628702178813,20182,426758,36628701957662,36628702178813,36624992016417,36628701639099,
0,1716553,36628715707511,36628715707511,0,36628716641825,36628716644470,36628716647115,36628716732157,36628732307511,36628716634013,16672011,16600000,36628715707511,-1,36628716821472,36628717413513,36628717506002,36628718194071,36628718645569,17822,362101,36628718546610,36628718645569,36625008691099,36628718194071,
0,1716560,36628732366146,36628732366146,0,36628733967224,36628733971741,36628733976542,36628734102356,36628748966146,36628733954976,16670733,16600000,36628732366146,-1,36628734236267,36628735070821,36628735210714,36628736287659,36628737343119,23153,539469,36628737092021,36628737343119,36625025406106,36628736287659,
0,1716567,36628749022395,36628749022395,0,36628749468567,36628749469584,36628749470439,36628749507426,36628765622395,36628749465474,16671131,16600000,36628749022395,-1,36628749547302,36628750941101,36628751030375,36628751997050,36628753643819,29907,713297,36628752618103,36628753643819,36625042083148,36628751997050,
0,1716574,36628765693462,36628765693462,0,36628766447611,36628766451274,36628766454773,36628766584167,36628782293462,36628766435445,16669805,16600000,36628765693462,-1,36628766719991,36628767806783,36628767907288,36628770098531,36628771138489,17497,828857,36628770793844,36628771138489,36625058707782,36628770098531,
---PROFILEDATA---


View hierarchy:

  org.ultimatemaps.spike.maplibre/org.ultimatemaps.spike.MainActivity/android.view.ViewRootImpl@5304d77
  10 views, 17,26 kB of render nodes


Total ViewRootImpl   : 1
Total attached Views : 10
Total RenderNode     : 17,26 kB (used) / 52,80 kB (capacity)

