Applications Graphics Acceleration Info:
Uptime: 36667587 Realtime: 36667587

** Graphics info for pid 14254 [org.ultimatemaps.spike.maplibre] **

Stats since: 36657935217767ns
Total frames rendered: 132
Janky frames: 0 (0.00%)
Janky frames (legacy): 0 (0.00%)
50th percentile: 5ms
90th percentile: 7ms
95th percentile: 8ms
99th percentile: 10ms
Number Missed Vsync: 0
Number High input latency: 264
Number Slow UI thread: 0
Number Slow bitmap uploads: 0
Number Slow issue draw commands: 0
Number Frame deadline missed: 0
Number Frame deadline missed (legacy): 0
HISTOGRAM: 5ms=99 6ms=15 7ms=9 8ms=6 9ms=1 10ms=2 11ms=0 12ms=0 13ms=0 14ms=0 15ms=0 16ms=0 17ms=0 18ms=0 19ms=0 20ms=0 21ms=0 22ms=0 23ms=0 24ms=0 25ms=0 26ms=0 27ms=0 28ms=0 29ms=0 30ms=0 31ms=0 32ms=0 34ms=0 36ms=0 38ms=0 40ms=0 42ms=0 44ms=0 46ms=0 48ms=0 53ms=0 57ms=0 61ms=0 65ms=0 69ms=0 73ms=0 77ms=0 81ms=0 85ms=0 89ms=0 93ms=0 97ms=0 101ms=0 105ms=0 109ms=0 113ms=0 117ms=0 121ms=0 125ms=0 129ms=0 133ms=0 150ms=0 200ms=0 250ms=0 300ms=0 350ms=0 400ms=0 450ms=0 500ms=0 550ms=0 600ms=0 650ms=0 700ms=0 750ms=0 800ms=0 850ms=0 900ms=0 950ms=0 1000ms=0 1050ms=0 1100ms=0 1150ms=0 1200ms=0 1250ms=0 1300ms=0 1350ms=0 1400ms=0 1450ms=0 1500ms=0 1550ms=0 1600ms=0 1650ms=0 1700ms=0 1750ms=0 1800ms=0 1850ms=0 1900ms=0 1950ms=0 2000ms=0 2050ms=0 2100ms=0 2150ms=0 2200ms=0 2250ms=0 2300ms=0 2350ms=0 2400ms=0 2450ms=0 2500ms=0 2550ms=0 2600ms=0 2650ms=0 2700ms=0 2750ms=0 2800ms=0 2850ms=0 2900ms=0 2950ms=0 3000ms=0 3050ms=0 3100ms=0 3150ms=0 3200ms=0 3250ms=0 3300ms=0 3350ms=0 3400ms=0 3450ms=0 3500ms=0 3550ms=0 3600ms=0 3650ms=0 3700ms=0 3750ms=0 3800ms=0 3850ms=0 3900ms=0 3950ms=0 4000ms=0 4050ms=0 4100ms=0 4150ms=0 4200ms=0 4250ms=0 4300ms=0 4350ms=0 4400ms=0 4450ms=0 4500ms=0 4550ms=0 4600ms=0 4650ms=0 4700ms=0 4750ms=0 4800ms=0 4850ms=0 4900ms=0 4950ms=0
50th gpu percentile: 1ms
90th gpu percentile: 2ms
95th gpu percentile: 4ms
99th gpu percentile: 7ms
GPU HISTOGRAM: 1ms=88 2ms=34 3ms=3 4ms=3 5ms=2 6ms=0 7ms=2 8ms=0 9ms=0 10ms=0 11ms=0 12ms=0 13ms=0 14ms=0 15ms=0 16ms=0 17ms=0 18ms=0 19ms=0 20ms=0 21ms=0 22ms=0 23ms=0 24ms=0 25ms=0 4950ms=0

Pipeline=Skia (Vulkan)
Memory policy:
  Max surface area: 2592000
  Max resource usage: 124.42MB (x48)
  Background retention: 50% (altUiHidden = true)
  GPU Context timeout: 10
Contexts: 1 (stopped = 0)
CPU Caches:
  Glyph Cache: 0.00 bytes (1 entry)
  Glyph Count: 0 
Total CPU memory usage:
  0 bytes, 0.00 bytes (0.00 bytes is purgeable)
GPU Caches:
  Other:
    Other: 0.00 bytes (1 entry)
  Image:
    Surface: 127.97 KB (3 entries)
  Scratch:
    Buffer Object: 192.00 KB (4 entries)
    Surface: 98.88 MB (23 entries)
Layer Info:
    VkLayer size 1080x2400
  Layers Total         10125.00 KB (numLayers = 1)
Total GPU memory usage:
  104007648 bytes, 99.19 MB (160.00 KB is purgeable)
Pipeline Cache: inactiveTextureView: 1080x2400

GraphicBufferAllocator buffers:
            Handle |         Size |     W (Stride) x H | Layers |   Format |      Usage | Requestor
0xb400007b0be7c2f0 | 10200.00 KiB | 1080 (1088) x 2400 |      1 |        1 | 0x     300 | SurfaceTexture-0-14254-0
0xb400007b0be7e130 | 10200.00 KiB | 1080 (1088) x 2400 |      1 |        1 | 0x     300 | SurfaceTexture-0-14254-0
0xb400007b0be7ead0 | 10200.00 KiB | 1080 (1088) x 2400 |      1 |        1 | 0x     b00 | VRI[MainActivity]#0(BLAST Consumer)0
0xb400007b0be7eef0 | 10200.00 KiB | 1080 (1088) x 2400 |      1 |        1 | 0x     300 | SurfaceTexture-0-14254-0
0xb400007b0be7f310 | 10200.00 KiB | 1080 (1088) x 2400 |      1 |        1 | 0x     300 | SurfaceTexture-0-14254-0
0xb400007b0be7f470 | 10200.00 KiB | 1080 (1088) x 2400 |      1 |        1 | 0x     b00 | VRI[MainActivity]#0(BLAST Consumer)0
0xb400007b0be804f0 | 10200.00 KiB | 1080 (1088) x 2400 |      1 |        1 | 0x     b00 | VRI[MainActivity]#0(BLAST Consumer)0
0xb400007b0be82a10 | 10200.00 KiB | 1080 (1088) x 2400 |      1 |        1 | 0x     b00 | VRI[MainActivity]#0(BLAST Consumer)0
0xb400007b0be837d0 | 10200.00 KiB | 1080 (1088) x 2400 |      1 |        1 | 0x     300 | SurfaceTexture-0-14254-0
0xb400007b0be84b10 | 10200.00 KiB | 1080 (1088) x 2400 |      1 |        1 | 0x     b00 | VRI[MainActivity]#0(BLAST Consumer)0
Total allocated by GraphicBufferAllocator (estimate): 102000.00 KB
Imported gralloc buffers:
Total imported by gralloc: 0KiB

Profile data in ms:

	org.ultimatemaps.spike.maplibre/org.ultimatemaps.spike.MainActivity/android.view.ViewRootImpl@5304d77 (visibility=0)
Window: org.ultimatemaps.spike.maplibre/org.ultimatemaps.spike.MainActivity
Stats since: 36657935217198ns
Total frames rendered: 132
Janky frames: 0 (0.00%)
Janky frames (legacy): 0 (0.00%)
50th percentile: 5ms
90th percentile: 7ms
95th percentile: 8ms
99th percentile: 10ms
Number Missed Vsync: 0
Number High input latency: 264
Number Slow UI thread: 0
Number Slow bitmap uploads: 0
Number Slow issue draw commands: 0
Number Frame deadline missed: 0
Number Frame deadline missed (legacy): 0
HISTOGRAM: 5ms=99 6ms=15 7ms=9 8ms=6 9ms=1 10ms=2 11ms=0 12ms=0 13ms=0 14ms=0 15ms=0 16ms=0 17ms=0 18ms=0 19ms=0 20ms=0 21ms=0 22ms=0 23ms=0 24ms=0 25ms=0 26ms=0 27ms=0 28ms=0 29ms=0 30ms=0 31ms=0 32ms=0 34ms=0 36ms=0 38ms=0 40ms=0 42ms=0 44ms=0 46ms=0 48ms=0 53ms=0 57ms=0 61ms=0 65ms=0 69ms=0 73ms=0 77ms=0 81ms=0 85ms=0 89ms=0 93ms=0 97ms=0 101ms=0 105ms=0 109ms=0 113ms=0 117ms=0 121ms=0 125ms=0 129ms=0 133ms=0 150ms=0 200ms=0 250ms=0 300ms=0 350ms=0 400ms=0 450ms=0 500ms=0 550ms=0 600ms=0 650ms=0 700ms=0 750ms=0 800ms=0 850ms=0 900ms=0 950ms=0 1000ms=0 1050ms=0 1100ms=0 1150ms=0 1200ms=0 1250ms=0 1300ms=0 1350ms=0 1400ms=0 1450ms=0 1500ms=0 1550ms=0 1600ms=0 1650ms=0 1700ms=0 1750ms=0 1800ms=0 1850ms=0 1900ms=0 1950ms=0 2000ms=0 2050ms=0 2100ms=0 2150ms=0 2200ms=0 2250ms=0 2300ms=0 2350ms=0 2400ms=0 2450ms=0 2500ms=0 2550ms=0 2600ms=0 2650ms=0 2700ms=0 2750ms=0 2800ms=0 2850ms=0 2900ms=0 2950ms=0 3000ms=0 3050ms=0 3100ms=0 3150ms=0 3200ms=0 3250ms=0 3300ms=0 3350ms=0 3400ms=0 3450ms=0 3500ms=0 3550ms=0 3600ms=0 3650ms=0 3700ms=0 3750ms=0 3800ms=0 3850ms=0 3900ms=0 3950ms=0 4000ms=0 4050ms=0 4100ms=0 4150ms=0 4200ms=0 4250ms=0 4300ms=0 4350ms=0 4400ms=0 4450ms=0 4500ms=0 4550ms=0 4600ms=0 4650ms=0 4700ms=0 4750ms=0 4800ms=0 4850ms=0 4900ms=0 4950ms=0
50th gpu percentile: 1ms
90th gpu percentile: 2ms
95th gpu percentile: 4ms
99th gpu percentile: 7ms
GPU HISTOGRAM: 1ms=88 2ms=34 3ms=3 4ms=3 5ms=2 6ms=0 7ms=2 8ms=0 9ms=0 10ms=0 11ms=0 12ms=0 13ms=0 14ms=0 15ms=0 16ms=0 17ms=0 18ms=0 19ms=0 20ms=0 21ms=0 22ms=0 23ms=0 24ms=0 25ms=0 4950ms=0



---PROFILEDATA---
Flags,FrameTimelineVsyncId,IntendedVsync,Vsync,InputEventId,HandleInputStart,AnimationStart,PerformTraversalsStart,DrawStart,FrameDeadline,FrameStartTime,FrameInterval,WorkloadTarget,AnimationTime,AnimationCounter,SyncQueued,SyncStart,IssueDrawCommandsStart,SwapBuffers,FrameCompleted,DequeueBufferDuration,QueueBufferDuration,GpuCompleted,SwapBuffersCompleted,DisplayPresentTime,CommandSubmissionCompleted,
0,1723917,36658105893895,36658105893895,0,36658106615269,36658106617426,36658106619541,36658106703119,36658139067173,36658106605788,16675523,16600000,36658105893895,-1,36658106780552,36658107655918,36658107914830,36658111362014,36658111941848,2692098,489787,36658111864821,36658111941848,36658149540725,36658111362014,
0,1723924,36658122556352,36658122556352,0,36658123399693,36658123403314,36658123407098,36658123523676,36658155742696,36658123388788,16673064,16600000,36658122556352,-1,36658123645054,36658124204747,36658124253941,36658127012160,36658127718337,1754394,388550,36658127718337,36658127490025,36658166218052,36658127012160,
0,1723931,36658139200323,36658139200323,0,36658139931187,36658139933466,36658139935622,36658140071649,36658172415760,36658139923903,16670510,16600000,36658139200323,-1,36658140167841,36658140817987,36658140883051,36658144772658,36658145630935,2575968,589233,36658145571609,36658145630935,36658182873163,36658144772658,
0,1723938,36658155843589,36658155843589,0,36658156881260,36658156883132,36658156884841,36658156935866,36658189086270,36658156877557,16668697,16600000,36658155843589,-1,36658156987950,36658157489862,36658157574457,36658162360223,36658163469476,3534709,663819,36658163030837,36658163469476,36658199556268,36658162360223,
0,1723945,36658172491739,36658172491739,0,36658173265619,36658173269078,36658173271926,36658173378860,36658205754967,36658173254185,16665858,16600000,36658172491739,-1,36658173491775,36658174515497,36658174620925,36658177150995,36658178391433,1849935,528686,36658178391433,36658177774734,36658216212193,36658177150995,
0,1723953,36658189131718,36658189131718,0,36658190050979,36658190053013,36658190055129,36658190103550,36658222420825,36658190045608,16665327,16600000,36658189131718,-1,36658190160191,36658190694655,36658190746413,36658194831700,36658195505487,3183797,473593,36658195494135,36658195505487,36658232902175,36658194831700,
0,1723961,36658205791028,36658205791028,0,36658206526565,36658206529372,36658206532221,36658206634882,36658239086152,36658206518223,16663570,16600000,36658205791028,-1,36658206740676,36658207414423,36658207496535,36658210386916,36658211166213,2094482,453654,36658211166213,36658210942865,36658249589349,36658210386916,
0,1723969,36658222439173,36658222439173,0,36658223266677,36658223268996,36658223272089,36658223374791,36658255749722,36658223258539,16659686,16600000,36658222439173,-1,36658223475376,36658224250157,36658224339960,36658227491042,36658228195551,2363851,453654,36658228155267,36658228195551,36658266284743,36658227491042,
0,1723977,36658239073718,36658239073718,0,36658239639724,36658239641718,36658239643630,36658239690383,36658272409408,36658239635899,16660264,16600000,36658239073718,-1,36658239744623,36658240277948,36658240326410,36658245666132,36658247135004,4401978,313069,36658247135004,36658246082391,36658282874465,36658245666132,
0,1723985,36658255740533,36658255740533,0,36658256778152,36658256780105,36658256781447,36658256834751,36658289069672,36658256772414,16660771,16600000,36658255740533,-1,36658256896112,36658257517002,36658257572911,36658262008173,36658262892328,3754110,298625,36658262892328,36658262395949,36658299566400,36658262008173,
0,1723993,36658272410914,36658272410914,0,36658273509841,36658273514032,36658273517002,36658273617792,36658305730443,36658273500645,16662832,16600000,36658272410914,-1,36658273731236,36658274306390,36658274612950,36658276378209,36658277095005,812175,362508,36658277095005,36658276875523,36658316358189,36658276378209,
0,1724001,36658289096851,36658289096851,0,36658289768874,36658289772292,36658289775588,36658289880975,36658322393275,36658289759231,16665437,16600000,36658289096851,-1,36658289994826,36658290685093,36658290775018,36658293593459,36658294167515,1884806,434693,36658294138218,36658294167515,36658332933832,36658293593459,
0,1724009,36658305791437,36658305791437,0,36658306694615,36658306698073,36658306701491,36658306803664,36658339058712,36658306685500,16667874,16600000,36658305791437,-1,36658306910435,36658307807977,36658307945062,36658310350173,36658311101190,1393188,428630,36658311101190,36658310928257,36658349627558,36658310350173,
0,1724016,36658322473418,36658322473418,0,36658323378900,36658323382603,36658323385818,36658323502354,36658355726586,36658323368362,16670114,16600000,36658322473418,-1,36658323633742,36658324722121,36658324867304,36658326891229,36658327639398,1228312,350342,36658327639398,36658327372634,36658366292922,36658326891229,
0,1724023,36658339158526,36658339158526,0,36658339779983,36658339783156,36658339786168,36658339878575,36658372396700,36658339771560,16674704,16600000,36658339158526,-1,36658339979446,36658340387486,36658340415440,36658344881749,36658345692418,2915039,616374,36658345382318,36658345692418,36658382900914,36658344881749,
0,1724030,36658355880753,36658355880753,0,36658357903070,36658357906610,36658357909459,36658358016799,36658389071404,36658357893305,16674593,16600000,36658355880753,-1,36658358122553,36658358717686,36658358848098,36658360118606,36658361523025,443563,322388,36658361523025,36658360537388,36658399566156,36658360118606,
0,1724037,36658372551096,36658372551096,0,36658373227533,36658373231073,36658373234857,36658373352126,36658405745997,36658373217401,16674990,16600000,36658372551096,-1,36658373469965,36658374247593,36658374364659,36658377435500,36658378079136,2081299,480632,36658378031895,36658378079136,36658416230259,36658377435500,
0,1724044,36658389228770,36658389228770,0,36658389892979,36658389897211,36658389902094,36658390025018,36658422420987,36658389880243,16675214,16600000,36658389228770,-1,36658390162063,36658390820876,36658390928257,36658393994216,36658394661900,2093547,503581,36658394654210,36658394661900,36658432918614,36658393994216,
0,1724051,36658405903804,36658405903804,0,36658406496535,36658406500849,36658406504551,36658406611810,36658439096201,36658406485915,16672132,16600000,36658405903804,-1,36658406727370,36658407008173,36658407042759,36658409512282,36658410385696,2142089,147745,36658410385696,36658409695429,36658449664097,36658409512282,
0,1724058,36658422543504,36658422543504,0,36658423269647,36658423274367,36658423278925,36658423389520,36658455768333,36658423257969,16669549,16600000,36658422543504,-1,36658423515782,36658423892532,36658423938226,36658426870762,36658427905756,2124389,399292,36658427905756,36658427406081,36658466265823,36658426870762,
0,1724065,36658439186457,36658439186457,0,36658439923578,36658439926915,36658439930617,36658440088047,36658472437882,36658439913894,16666310,16600000,36658439186457,-1,36658440199945,36658441441075,36658441676671,36658443853062,36658444445795,1221802,498006,36658444366327,36658444445795,36658482980463,36658443853062,
0,1724073,36658455823858,36658455823858,0,36658456579014,36658456583124,36658456587803,36658456693109,36658489104192,36658456566644,16664838,16600000,36658455823858,-1,36658456818882,36658458894078,36658458946446,36658460682774,36658461273838,963541,253052,36658461273838,36658461016352,36658499680333,36658460682774,
0,1724081,36658472477911,36658472477911,0,36658473189488,36658473193557,36658473198358,36658473310907,36658505769030,36658473177769,16667215,16600000,36658472477911,-1,36658473452672,36658474292556,36658474431431,36658477490513,36658478904942,2010742,483683,36658478904942,36658478149734,36658516298456,36658477490513,
0,1724088,36658489173388,36658489173388,0,36658490840285,36658490845616,36658490850621,36658491020624,36658522436245,36658490825393,16667020,16600000,36658489173388,-1,36658491446853,36658492572707,36658492755487,36658494717686,36658495697667,399210,721191,36658495533563,36658495697667,36658532967930,36658494717686,
0,1724095,36658505838197,36658505838197,0,36658507353998,36658507358759,36658507363031,36658507540196,36658539103265,36658507339838,16667020,16600000,36658505838197,-1,36658507951247,36658509079462,36658509224970,36658511784296,36658512557937,1685709,552979,36658512557937,36658512471837,36658549814732,36658511784296,
0,1724102,36658522512125,36658522512125,0,36658523322748,36658523327183,36658523332147,36658523454462,36658555770285,36658523310989,16667846,16600000,36658522512125,-1,36658523590001,36658524387038,36658524452224,36658527844883,36658528530471,2439127,540527,36658528432408,36658528530471,36658566315546,36658527844883,
0,1724109,36658539196133,36658539196133,0,36658540255284,36658540260411,36658540265253,36658540420608,36658572438131,36658540241734,16668039,16600000,36658539196133,-1,36658540578363,36658541363560,36658541536859,36658544857945,36658545704787,2104981,646199,36658545522943,36658545704787,36658582983962,36658544857945,
0,1724116,36658555866360,36658555866360,0,36658557202265,36658557205520,36658557208612,36658557312982,36658589106170,36658557193150,16671935,16600000,36658555866360,-1,36658557419428,36658560112706,36658560235915,36658562240188,36658563008783,877930,512166,36658563008783,36658562897740,36658599675124,36658562240188,
0,1724123,36658572566176,36658572566176,0,36658574046096,36658574051874,36658574057367,36658574198806,36658605778105,36658574031163,16680093,16600000,36658572566176,-1,36658574363601,36658575422561,36658575573684,36658578738967,36658579489171,1848430,583659,36658579488723,36658579489171,36658616304844,36658578738967,
0,1724130,36658589325942,36658589325942,0,36658590167800,36658590172724,36658590178095,36658590308466,36658622458198,36658590154942,16680504,16600000,36658589325942,-1,36658590452305,36658591592971,36658591820185,36658594386387,36658595170282,1524902,416301,36658595170282,36658594943069,36658633030186,36658594386387,
0,1724137,36658605998398,36658605998398,0,36658606906081,36658606916539,36658606922073,36658607102208,36658639138702,36658606885940,16678158,16600000,36658605998398,-1,36658607288813,36658608257766,36658608381301,36658613272008,36658614508376,3580037,606933,36658614508376,36658614117222,36658649636713,36658613272008,
0,1724144,36658622649698,36658622649698,0,36658623411981,36658623416986,36658623421096,36658623561965,36658655816860,36658623398961,16676107,16600000,36658622649698,-1,36658623714187,36658624594599,36658624693354,36658627718907,36658628767939,1706950,828287,36658628413039,36658628767939,36658666319859,36658627718907,
0,1724151,36658639305961,36658639305961,0,36658641245559,36658641251174,36658641256179,36658641399815,36658672492967,36658641104771,16671758,16600000,36658639305961,-1,36658641551833,36658642314203,36658642453078,36658643872960,36658644946039,852254,960409,36658644459955,36658644946039,36658682966506,36658643872960,
0,1724158,36658655937528,36658655937528,0,36658656530308,36658656532628,36658656533645,36658656582921,36658689164725,36658656525670,16670129,16600000,36658655937528,-1,36658656638870,36658657543044,36658657651606,36658663159174,36658664123082,3816243,761068,36658663919835,36658664123082,36658699656570,36658663159174,
0,1724165,36658672598017,36658672598017,0,36658673460321,36658673465896,36658673470331,36658673639968,36658705834854,36658673445714,16668450,16600000,36658672598017,-1,36658673822667,36658674498326,36658674642410,36658679431024,36658680479202,3481771,901327,36658680032546,36658680479202,36658716297968,36658679431024,
0,1724172,36658689247439,36658689247439,0,36658689948806,36658689954055,36658689958246,36658690100784,36658722503304,36658689936070,16665723,16600000,36658689247439,-1,36658690254999,36658690630325,36658690667556,36658695442662,36658696369704,4013672,339356,36658696369704,36658695892003,36658733055536,36658695442662,
0,1724180,36658705891714,36658705891714,0,36658706883661,36658706885452,36658706886835,36658706951166,36658739169027,36658706877069,16664799,16600000,36658705891714,-1,36658707023594,36658707507603,36658707581863,36658711857375,36658712777541,3145426,774088,36658712432978,36658712777541,36658749729934,36658711857375,
0,1724188,36658722546040,36658722546040,0,36658723294143,36658723299880,36658723303624,36658723442865,36658755833826,36658723279901,16663854,16600000,36658722546040,-1,36658723592157,36658724385858,36658724484003,36658726911900,36658727627924,1599162,423055,36658727627924,36658727466140,36658766322016,36658726911900,
0,1724196,36658739203983,36658739203983,0,36658741210769,36658741217035,36658741221267,36658741377273,36658772497680,36658741195225,16663301,16600000,36658739203983,-1,36658741538162,36658742281285,36658742436029,36658744577916,36658745454503,1022054,457153,36658745454503,36658745202753,36658783003331,36658744577916,
0,1724204,36658755861348,36658755861348,0,36658756607823,36658756611933,36658756615839,36658756916539,36658789160981,36658756595982,16661913,16600000,36658755861348,-1,36658757050450,36658757737014,36658757838617,36658761002192,36658761819859,2044231,384888,36658761819859,36658761511672,36658799677118,36658761002192,
0,1724212,36658772526302,36658772526302,0,36658773444249,36658773448887,36658773452875,36658773678095,36658805822894,36658773406814,16664860,16600000,36658772526302,-1,36658773825596,36658774574416,36658774681431,36658777568883,36658778318883,2007039,453207,36658778318883,36658778169143,36658816368809,36658777568883,
0,1724220,36658789224560,36658789224560,0,36658790878453,36658790887974,36658790893956,36658791098708,36658822487754,36658790857538,16669621,16600000,36658789224560,-1,36658791307489,36658792333124,36658792635777,36658793713414,36658795027175,19409,505168,36658795027175,36658794404739,36658832975295,36658793713414,
0,1724227,36658805926334,36658805926334,0,36658806547317,36658806549067,36658806550165,36658806632115,36658839157375,36658806539260,16669166,16600000,36658805926334,-1,36658806717768,36658807529373,36658807858271,36658812279210,36658813244013,3114380,486654,36658813244013,36658812879063,36658849648757,36658812279210,
0,1724234,36658822590292,36658822590292,0,36658823893671,36658823898147,36658823902582,36658824125116,36658855826541,36658823880813,16669962,16600000,36658822590292,-1,36658824275548,36658824962559,36658825092483,36658827423538,36658828330357,1433512,746908,36658828256871,36658828330357,36658866368402,36658827423538,
0,1724241,36658839264687,36658839264687,0,36658840107498,36658840111404,36658840115229,36658840263707,36658872496503,36658840095535,16670028,16600000,36658839264687,-1,36658840654291,36658841362258,36658841484491,36658844649693,36658845538040,2118856,358805,36658845538040,36658845117670,36658883032302,36658844649693,
0,1724248,36658855937311,36658855937311,0,36658856835484,36658856840448,36658856844762,36658856982335,36658889166531,36658856823074,16668315,16600000,36658855937311,-1,36658857140416,36658858161900,36658858241287,36658861798538,36658862558140,2377197,609253,36658862414586,36658862558140,36658899634963,36658861798538,
0,1724255,36658872586214,36658872586214,0,36658873436762,36658873442703,36658873447016,36658873694452,36658905834846,36658873421951,16667880,16600000,36658872586214,-1,36658873862909,36658874791905,36658874911819,36658877567418,36658879129755,1718465,411825,36658879129755,36658878113560,36658916302810,36658877567418,
0,1724262,36658889246668,36658889246668,0,36658890291661,36658890295120,36658890298212,36658890395583,36658922502726,36658890282099,16668465,16600000,36658889246668,-1,36658890504511,36658891274368,36658891413528,36658897096674,36658898275710,4037150,773112,36658898067703,36658898275710,36658932973749,36658897096674,
0,1724269,36658905922938,36658905922938,0,36658906677891,36658906682652,36658906686721,36658906835891,36658939171191,36658906664586,16667693,16600000,36658905922938,-1,36658907038731,36658907760614,36658907864252,36658912441645,36658913234898,3314046,432943,36658913234898,36658912969802,36658949676956,36658912441645,
0,1724276,36658922587753,36658922587753,0,36658923208246,36658923212600,36658923216669,36658923332229,36658955838884,36658923196609,16666054,16600000,36658922587753,-1,36658923468866,36658924259923,36658924348180,36658927704137,36658928797154,2292155,595297,36658928797154,36658928397496,36658966379104,36658927704137,
0,1724284,36658939235232,36658939235232,0,36658939856887,36658939860875,36658939864862,36658939981236,36658972504938,36658939845535,16661482,16600000,36658939235232,-1,36658940187291,36658940906488,36658940998611,36658944882237,36658945582229,2775269,393514,36658945582229,36658945406570,36658983047032,36658944882237,
0,1724292,36658955860685,36658955860685,0,36658956435989,36658956436965,36658956437413,36658956467605,36658989166420,36658956433181,16661400,16600000,36658955860685,-1,36658956502843,36658957239781,36658957337356,36658963314732,36658965124791,4013224,1467529,36658964700393,36658965124791,36658999768101,36658963314732,
0,1724300,36658972521155,36658972521155,0,36658973298863,36658973303665,36658973307530,36658973455357,36659005827820,36658973285680,16663364,16600000,36658972521155,-1,36658973609085,36658974337234,36658974441645,36658977168085,36658977947667,1667602,420492,36658977947667,36658977723871,36659016365025,36658977168085,
0,1724308,36658989203981,36658989203981,0,36658989954747,36658989958165,36658989960199,36658990051956,36659022491184,36658989947097,16666526,16600000,36658989203981,-1,36658990147252,36658990949010,36658991054967,36658995053217,36658995695714,2937338,491496,36658995689081,36658995695714,36659033072667,36658995053217,
0,1724316,36659005902130,36659005902130,0,36659007015538,36659007020909,36659007025548,36659007280715,36659039157710,36659006997065,16668196,16600000,36659005902130,-1,36659007501866,36659008647699,36659008859369,36659010391352,36659011246983,463908,456177,36659011246983,36659011001296,36659049707188,36659010391352,
0,1724323,36659022588303,36659022588303,0,36659023300572,36659023305536,36659023309239,36659023426020,36659055825906,36659023289545,16671976,16600000,36659022588303,-1,36659023550491,36659024417597,36659024508499,36659027252761,36659028419225,1652547,434693,36659028419225,36659027929153,36659066382237,36659027252761,
0,1724330,36659039298462,36659039298462,0,36659040182164,36659040186640,36659040190505,36659040313105,36659072497882,36659040169957,16671399,16600000,36659039298462,-1,36659040447504,36659041223709,36659041345657,36659044228795,36659045284906,1927571,397461,36659045284906,36659044764846,36659083116734,36659044228795,
0,1724337,36659055963321,36659055963321,0,36659056661575,36659056665522,36659056669143,36659056789911,36659089169281,36659056649734,16674040,16600000,36659055963321,-1,36659056916987,36659057734451,36659057849197,36659060447138,36659061199457,1671102,430461,36659061199457,36659061016637,36659099761266,36659060447138,
0,1724344,36659072659202,36659072659202,0,36659073476231,36659073481073,36659073485834,36659073618403,36659105843321,36659073463251,16672897,16600000,36659072659202,-1,36659073759028,36659074679682,36659074785273,36659077108393,36659077995234,1923746,156454,36659077995234,36659077312942,36659116426427,36659077108393,
0,1724351,36659089319880,36659089319880,0,36659090302322,36659090307286,36659090312128,36659090443476,36659122516218,36659090288731,16674077,16600000,36659089319880,-1,36659090586868,36659091423375,36659091515741,36659094527542,36659095622716,1959839,484131,36659095622716,36659095189122,36659133082107,36659094527542,
0,1724358,36659105998909,36659105998909,0,36659107023676,36659107029210,36659107034866,36659107211746,36659139190295,36659107006627,16677642,16600000,36659105998909,-1,36659107395177,36659108684443,36659108844233,36659112903803,36659113766433,2563884,646688,36659113703770,36659113766433,36659149771967,36659112903803,
0,1724365,36659122706479,36659122706479,0,36659123630813,36659123635818,36659123641189,36659123775141,36659155867937,36659123616246,16676856,16600000,36659122706479,-1,36659123928624,36659124746780,36659124876663,36659128669672,36659129925247,2345214,1059651,36659129505528,36659129925247,36659166438186,36659128669672,
0,1724372,36659139376204,36659139376204,0,36659140141962,36659140145828,36659140149734,36659140299718,36659172544793,36659140129796,16675183,16600000,36659139376204,-1,36659140457270,36659141228510,36659141308914,36659145000523,36659145810989,2467285,458089,36659145810989,36659145630569,36659183080602,36659145000523,
0,1724379,36659156037279,36659156037279,0,36659157201126,36659157207555,36659157211868,36659157598058,36659189219976,36659157185134,16672417,16600000,36659156037279,-1,36659157817011,36659158670649,36659158810256,36659162589879,36659163394973,2570069,644409,36659163377924,36659163394973,36659199792312,36659162589879,
0,1724386,36659172686699,36659172686699,0,36659173554112,36659173558344,36659173562332,36659173679926,36659205892393,36659173542841,16671447,16600000,36659172686699,-1,36659173807530,36659174653071,36659174779169,36659177751541,36659179076329,1914469,442301,36659179076329,36659178350906,36659216448196,36659177751541,
0,1724393,36659189352068,36659189352068,0,36659190112503,36659190117263,36659190121088,36659190247838,36659222563840,36659190100255,16671407,16600000,36659189352068,-1,36659190396275,36659191073115,36659191206171,36659194463577,36659195189407,1833130,546590,36659194979771,36659195189407,36659233077265,36659194463577,
0,1724400,36659206023278,36659206023278,0,36659207625401,36659207627965,36659207630854,36659207713089,36659239235247,36659207617548,16670079,16600000,36659206023278,-1,36659207806391,36659208626826,36659208795405,36659211709386,36659212715001,1566365,859863,36659212683954,36659212715001,36659249767491,36659211709386,
0,1724407,36659222680126,36659222680126,0,36659223287511,36659223291336,36659223295201,36659223397740,36659255905326,36659223277338,16672721,16600000,36659222680126,-1,36659223518875,36659224430374,36659224545771,36659227397171,36659228150589,1880656,471273,36659228135493,36659228150589,36659266416783,36659227397171,
0,1724414,36659239373909,36659239373909,0,36659240479324,36659240483393,36659240487096,36659240780390,36659272578047,36659240468907,16671610,16600000,36659239373909,-1,36659240913162,36659241923131,36659242022700,36659244338495,36659245297765,1325277,432292,36659245297765,36659244916376,36659283087071,36659244338495,
0,1724421,36659256036952,36659256036952,0,36659256855300,36659256859288,36659256862950,36659256982416,36659289249657,36659256844396,16670333,16600000,36659256036952,-1,36659257115392,36659258212682,36659258321568,36659260695510,36659262007766,1396200,434449,36659262007766,36659261281896,36659299770014,36659260695510,
0,1724428,36659272691871,36659272691871,0,36659273974522,36659273979934,36659273985224,36659274167923,36659305919990,36659273846633,16668469,16600000,36659272691871,-1,36659274362014,36659275322667,36659275456334,36659277477045,36659278275304,1746623,137044,36659278275304,36659277656367,36659316439407,36659277477045,
0,1724435,36659289345855,36659289345855,0,36659290209142,36659290213984,36659290218948,36659290360590,36659322588459,36659290196243,16665896,16600000,36659289345855,-1,36659290518549,36659291590286,36659291697138,36659294298823,36659295012608,1686320,546631,36659295012608,36659294992101,36659333128738,36659294298823,
0,1724443,36659305990956,36659305990956,0,36659306690994,36659306695755,36659306700678,36659306834060,36659339254355,36659306678868,16665691,16600000,36659305990956,-1,36659306972936,36659307697382,36659307797561,36659310979446,36659311769282,2130574,500854,36659311679438,36659311769282,36659349774693,36659310979446,
0,1724451,36659322654325,36659322654325,0,36659323414098,36659323419428,36659323424392,36659323544509,36659355920046,36659323401524,16666539,16600000,36659322654325,-1,36659323680211,36659324616531,36659324716018,36659328228551,36659328898269,2364542,510254,36659328804479,36659328898269,36659366445633,36659328228551,
0,1724459,36659339328656,36659339328656,0,36659340314488,36659340319046,36659340323888,36659340455113,36659372586585,36659340302159,16666749,16600000,36659339328656,-1,36659340598058,36659341283767,36659341425572,36659344361730,36659345224116,1861613,280680,36659345224116,36659344720047,36659383119501,36659344361730,
0,1724466,36659355998399,36659355998399,0,36659356899531,36659356904373,36659356909418,36659357033849,36659389253334,36659356886998,16667241,16600000,36659355998399,-1,36659357178176,36659357973709,36659358119786,36659361174352,36659361956293,2208496,400879,36659361956293,36659361706619,36659399850743,36659361174352,
0,1724473,36659372673626,36659372673626,0,36659373443517,36659373448481,36659373453160,36659373585403,36659405920575,36659373431106,16667665,16600000,36659372673626,-1,36659373725133,36659374492426,36659374596145,36659377670690,36659378352167,2053101,537068,36659378272252,36659378352167,36659416460281,36659377670690,
0,1724480,36659389344547,36659389344547,0,36659390128941,36659390133458,36659390138341,36659390271967,36659422588240,36659390116328,16668213,16600000,36659389344547,-1,36659390419306,36659391236160,36659391381708,36659394631830,36659395319656,2201660,531983,36659395296178,36659395319656,36659433132563,36659394631830,
0,1724487,36659406017041,36659406017041,0,36659406734085,36659406735143,36659406735590,36659406763178,36659439256453,36659406732172,16667884,16600000,36659406017041,-1,36659406798538,36659407507888,36659407623041,36659410749344,36659411429886,2219564,508260,36659411420730,36659411429886,36659449855056,36659410749344,
0,1724494,36659422683823,36659422683823,0,36659423459345,36659423464391,36659423469355,36659423593012,36659455924337,36659423446487,16671814,16600000,36659422683823,-1,36659423729853,36659424779373,36659424928746,36659429809036,36659430816197,3456543,830769,36659430381057,36659430816197,36659466446691,36659429809036,
0,1724501,36659439392694,36659439392694,0,36659440159093,36659440162918,36659440166987,36659440276321,36659472596151,36659440148432,16672649,16600000,36659439392694,-1,36659440393956,36659441132848,36659441293614,36659446202631,36659447421748,3472616,759684,36659447421748,36659447226679,36659483190058,36659446202631,
0,1724508,36659456068301,36659456068301,0,36659456375605,36659456376215,36659456376704,36659456401484,36659489268800,36659456373774,16671905,16600000,36659456068301,-1,36659456424026,36659457075597,36659457182286,36659460606969,36659462152664,2437215,312540,36659462152664,36659461029047,36659499820348,36659460606969,
0,1724515,36659472732507,36659472732507,0,36659473441360,36659473444737,36659473448725,36659473548212,36659505940705,36659473431920,16673993,16600000,36659472732507,-1,36659473657547,36659474358759,36659474465164,36659477875198,36659478967565,2312338,897258,36659478344396,36659478967565,36659516492589,36659477875198,
0,1724522,36659489426307,36659489426307,0,36659491194534,36659491200068,36659491205032,36659491414627,36659522614698,36659491178095,16671793,16600000,36659489426307,-1,36659491633946,36659493080724,36659493304153,36659499150019,36659500565628,4210653,744547,36659500565628,36659500241206,36659533155390,36659499150019,
0,1724529,36659506074566,36659506074566,0,36659506752477,36659506754064,36659506754715,36659506812047,36659539286491,36659506748001,16672499,16600000,36659506074566,-1,36659506879348,36659507881790,36659508135574,36659511670405,36659513237950,2315837,977986,36659513237950,36659512860957,36659549815384,36659511670405,
0,1724536,36659522756522,36659522756522,0,36659523892613,36659523895869,36659523898636,36659524000157,36659555958990,36659523884231,16671825,16600000,36659522756522,-1,36659524158360,36659524699173,36659524793655,36659526882644,36659527686599,1175374,425171,36659527686599,36659527461054,36659566469355,36659526882644,
0,1724543,36659539420980,36659539420980,0,36659540311681,36659540316238,36659540321121,36659540467972,36659572630815,36659540297561,16671137,16600000,36659539420980,-1,36659540626012,36659541513341,36659541878331,36659544357050,36659544946080,1538330,366455,36659544946080,36659544859003,36659583147578,36659544357050,
0,1724550,36659556085543,36659556085543,0,36659557004552,36659557009109,36659557013992,36659557191686,36659589301952,36659556989822,16670959,16600000,36659556085543,-1,36659557389806,36659558651769,36659558840652,36659562137161,36659562984451,2198609,514323,36659562984451,36659562827347,36659599837112,36659562137161,
0,1724557,36659572752739,36659572752739,0,36659573644729,36659573647862,36659573652094,36659573757197,36659605972911,36659573635208,16669397,16600000,36659572752739,-1,36659573870030,36659574570917,36659574704462,36659577051061,36659577819086,1439331,405355,36659577819086,36659577597081,36659616560623,36659577051061,
0,1724564,36659589407958,36659589407958,0,36659590155472,36659590159744,36659590164708,36659590289139,36659622642308,36659590143427,16667256,16600000,36659589407958,-1,36659590422521,36659591662714,36659591815465,36659594144119,36659595641556,1488648,486247,36659595641556,36659594805537,36659633169143,36659594144119,
0,1724571,36659606056261,36659606056261,0,36659606745071,36659606748448,36659606752477,36659606853714,36659639309564,36659606734410,16665721,16600000,36659606056261,-1,36659606972732,36659608480830,36659608814814,36659610463658,36659612273391,841960,370239,36659612273391,36659610967849,36659649841222,36659610463658,
0,1724579,36659622710686,36659622710686,0,36659623478144,36659623482335,36659623486404,36659623610224,36659655975285,36659623466873,16666498,16600000,36659622710686,-1,36659623740148,36659624603388,36659624748286,36659627662307,36659628536819,1861206,570963,36659628536819,36659628404332,36659666510411,36659627662307,
0,1724587,36659639385991,36659639385991,0,36659640648717,36659640652420,36659640656245,36659640756302,36659672641783,36659640637405,16669572,16600000,36659639385991,-1,36659641034541,36659641517817,36659641555048,36659643712397,36659644817540,1347738,588216,36659644817540,36659644485550,36659683147903,36659643712397,
0,1724594,36659656087829,36659656087829,0,36659657351883,36659657356481,36659657361730,36659657485875,36659689311355,36659657339391,16668657,16600000,36659656087829,-1,36659657840489,36659658158523,36659658194005,36659658479243,36659660386266,8220,161255,36659660386266,36659658687535,36659699878535,36659658479243,
0,1724601,36659672748852,36659672748852,0,36659673602737,36659673606969,36659673611892,36659673739375,36659705980012,36659673590693,16668603,16600000,36659672748852,-1,36659673876134,36659674173986,36659674231318,36659676779536,36659678201614,2220256,143840,36659678201614,36659676965774,36659716520218,36659676779536,
0,1724608,36659689416841,36659689416841,0,36659690243362,36659690247635,36659690252558,36659690525792,36659722648615,36659690230016,16668591,16600000,36659689416841,-1,36659690667312,36659691047236,36659691086909,36659693926508,36659695177322,1973592,483276,36659695177322,36659694581578,36659733184484,36659693926508,
0,1724615,36659706085716,36659706085716,0,36659706870397,36659706874710,36659706879593,36659707024490,36659739317206,36659706856847,16667535,16600000,36659706085716,-1,36659707168899,36659707659907,36659707695063,36659711428055,36659712183385,2549805,487670,36659712128128,36659712183385,36659749860387,36659711428055,
0,1724622,36659722741282,36659722741282,0,36659723363032,36659723366938,36659723370682,36659723473465,36659755984741,36659723352452,16670247,16600000,36659722741282,-1,36659723720372,36659724515416,36659724624913,36659727614212,36659729101476,1954875,590210,36659729101476,36659728374832,36659766526199,36659727614212,
0,1724629,36659739436117,36659739436117,0,36659740199620,36659740203201,36659740207840,36659740306595,36659772654988,36659740189570,16670511,16600000,36659739436117,-1,36659740417150,36659741237747,36659741331945,36659744193110,36659745742793,1825399,286052,36659745742793,36659744572993,36659783276769,36659744193110,
0,1724636,36659756107594,36659756107594,0,36659756949091,36659756953242,36659756958125,36659757073685,36659789325499,36659756937454,16670314,16600000,36659756107594,-1,36659757201614,36659758015457,36659758113683,36659760902379,36659761644078,2000976,402913,36659761644078,36659761472692,36659799949702,36659760902379,
0,1724643,36659772774813,36659772774813,0,36659774195796,36659774199865,36659774204747,36659774330154,36659805995813,36659774182612,16669966,16600000,36659772774813,-1,36659774461502,36659775535354,36659775726354,36659778393143,36659779328649,1405273,716349,36659779306188,36659779328649,36659816535965,36659778393143,
0,1724650,36659789441924,36659789441924,0,36659790519485,36659790524165,36659790529576,36659790660680,36659822665779,36659790506139,16668692,16600000,36659789441924,-1,36659790807286,36659791839432,36659791958572,36659795380813,36659796515335,2042929,947876,36659796263463,36659796515335,36659833211502,36659795380813,
0,1724657,36659806101225,36659806101225,0,36659806873164,36659806877192,36659806881017,36659806994502,36659839334471,36659806861811,16670774,16600000,36659806101225,-1,36659807116775,36659807824580,36659807915115,36659811960851,36659813082840,2655396,682495,36659813082840,36659812735713,36659849903519,36659811960851,
0,1724664,36659822798436,36659822798436,0,36659823460932,36659823464432,36659823468256,36659823578120,36659856005245,36659823450922,16673233,16600000,36659822798436,-1,36659823698359,36659824622797,36659824746048,36659828603348,36659829265579,2789469,469157,36659829265579,36659829190180,36659866577631,36659828603348,
0,1724671,36659839497847,36659839497847,0,36659840370397,36659840374100,36659840377924,36659840602493,36659872678478,36659840358230,16671842,16600000,36659839497847,-1,36659840729161,36659841858881,36659841977615,36659844784663,36659845772903,2008504,407593,36659845772903,36659845361933,36659883244949,36659844784663,
0,1724678,36659856153924,36659856153924,0,36659856779943,36659856783523,36659856787389,36659856899816,36659889350320,36659856770136,16673428,16600000,36659856153924,-1,36659857028681,36659857682612,36659857793370,36659861011754,36659862605952,2169068,474650,36659862605952,36659861661534,36659899959956,36659861011754,
0,1724685,36659872834507,36659872834507,0,36659873454585,36659873457718,36659873461298,36659873565913,36659906023748,36659873445348,16673386,16600000,36659872834507,-1,36659873683670,36659874387120,36659874500320,36659877934443,36659878588496,2394328,478434,36659878588496,36659878584508,36659916624954,36659877934443,
0,1724692,36659889505966,36659889505966,0,36659891555862,36659891559402,36659891563105,36659891740433,36659922697134,36659891544347,16673310,16600000,36659889505966,-1,36659891855504,36659892623733,36659892762202,36659893778234,36659895219152,265259,505046,36659895219152,36659894464676,36659933278519,36659893778234,
0,1724699,36659906177512,36659906177512,0,36659907081945,36659907085118,36659907087356,36659907187169,36659939370444,36659907074051,16671462,16600000,36659906177512,-1,36659907297521,36659909064326,36659909953771,36659913764887,36659914894811,2278117,893433,36659914469070,36659914894811,36659949924637,36659913764887,
0,1724706,36659922834710,36659922834710,0,36659923489497,36659923493891,36659923498733,36659923631871,36659956041906,36659923476598,16673703,16600000,36659922834710,-1,36659923777094,36659924766189,36659924866124,36659926107091,36659926766108,1009644,116617,36659926766108,36659926251419,36659966593582,36659926107091,
0,1724713,36659939529452,36659939529452,0,36659940073766,36659940074580,36659940075149,36659940104284,36659972715609,36659940071080,16674174,16600000,36659939529452,-1,36659940135574,36659940690709,36659940885249,36659943250605,36659944078527,1776327,315674,36659944078527,36659943675654,36659983247147,36659943250605,
0,1724720,36659956209321,36659956209321,0,36659957696487,36659957698969,36659957701655,36659957787104,36659989389783,36659957687373,16673300,16600000,36659956209321,-1,36659957867508,36659958632767,36659958711909,36659960468745,36659964568069,831747,348755,36659964568069,36659960908768,36659999902257,36659960468745,
0,1724727,36659972875521,36659972875521,0,36659973611445,36659973614334,36659973616369,36659973700841,36660006063083,36659973604365,16671397,16600000,36659972875521,-1,36659973779414,36659974497920,36659974577143,36659978200597,36659980460322,2735596,468384,36659980460322,36659978809280,36660016565058,36659978200597,
0,1724734,36659989529463,36659989529463,0,36659990538976,36659990542190,36659990545731,36659990662511,36660022734480,36659990529373,16669094,16600000,36659989529463,-1,36659990778763,36659991506749,36659991585892,36659993641393,36659994144160,1277385,380412,36659994038040,36659994144160,36660033274409,36659993641393,
0,1724741,36660006179866,36660006179866,0,36660006977656,36660006980586,36660006983597,36660007081090,36660039403574,36660006968948,16668256,16600000,36660006179866,-1,36660007181432,36660007849686,36660007928136,36660010237788,36660011434606,1565714,351359,36660011434606,36660010695348,36658049593785,36660010237788,
0,1724748,36660022838624,36660022838624,0,36660023435379,36660023440099,36660023444087,36660023714188,36660056071830,36660023423864,16668377,16600000,36660022838624,-1,36660023831660,36660024672073,36660024834264,36660027884435,36660028849686,2049113,835002,36660028189570,36660028849686,36658066325515,36660027884435,
0,1724755,36660039503333,36660039503333,0,36660040363764,36660040369176,36660040374222,36660040506058,36660072740207,36660040351679,16667325,16600000,36660039503333,-1,36660040648432,36660041569005,36660041734370,36660045041824,36660051105219,2098266,531576,36660051105219,36660045742996,36658082932896,36660045041824,
0,1724762,36660056159063,36660056159063,0,36660056624507,36660056627843,36660056631465,36660056726354,36660089407532,36660056614863,16666278,16600000,36660056159063,-1,36660056837438,36660057615962,36660057751338,36660062506709,36660065049189,3508992,502604,36660065049189,36660063162226,36658099555007,36660062506709,
0,1724770,36660072821025,36660072821025,0,36660073396968,36660073401077,36660073405268,36660073508214,36660106073810,36660073386754,16665480,16600000,36660072821025,-1,36660073617020,36660074258662,36660074333898,36660077169632,36660080224645,1871338,393758,36660080224645,36660077711624,36658116214716,36660077169632,
0,1724778,36660089477461,36660089477461,0,36660090262161,36660090265050,36660090267125,36660090350093,36660122739290,36660090253820,16663878,16600000,36660089477461,-1,36660090439774,36660091487381,36660091606522,36660094875280,36660096249995,2106486,539957,36660096249995,36660095602127,36658132877069,36660094875280,
---PROFILEDATA---


View hierarchy:

  org.ultimatemaps.spike.maplibre/org.ultimatemaps.spike.MainActivity/android.view.ViewRootImpl@5304d77
  10 views, 17,58 kB of render nodes


Total ViewRootImpl   : 1
Total attached Views : 10
Total RenderNode     : 17,58 kB (used) / 56,80 kB (capacity)

