Applications Graphics Acceleration Info:
Uptime: 36566570 Realtime: 36566570

** Graphics info for pid 13356 [org.ultimatemaps.spike.maplibre] **

Stats since: 36559176515530ns
Total frames rendered: 394
Janky frames: 1 (0.25%)
Janky frames (legacy): 0 (0.00%)
50th percentile: 5ms
90th percentile: 6ms
95th percentile: 7ms
99th percentile: 9ms
Number Missed Vsync: 0
Number High input latency: 169
Number Slow UI thread: 0
Number Slow bitmap uploads: 0
Number Slow issue draw commands: 1
Number Frame deadline missed: 1
Number Frame deadline missed (legacy): 0
HISTOGRAM: 5ms=315 6ms=54 7ms=18 8ms=3 9ms=1 10ms=0 11ms=1 12ms=0 13ms=0 14ms=0 15ms=1 16ms=0 17ms=0 18ms=0 19ms=0 20ms=0 21ms=1 22ms=0 23ms=0 24ms=0 25ms=0 26ms=0 27ms=0 28ms=0 29ms=0 30ms=0 31ms=0 32ms=0 34ms=0 36ms=0 38ms=0 40ms=0 42ms=0 44ms=0 46ms=0 48ms=0 53ms=0 57ms=0 61ms=0 65ms=0 69ms=0 73ms=0 77ms=0 81ms=0 85ms=0 89ms=0 93ms=0 97ms=0 101ms=0 105ms=0 109ms=0 113ms=0 117ms=0 121ms=0 125ms=0 129ms=0 133ms=0 150ms=0 200ms=0 250ms=0 300ms=0 350ms=0 400ms=0 450ms=0 500ms=0 550ms=0 600ms=0 650ms=0 700ms=0 750ms=0 800ms=0 850ms=0 900ms=0 950ms=0 1000ms=0 1050ms=0 1100ms=0 1150ms=0 1200ms=0 1250ms=0 1300ms=0 1350ms=0 1400ms=0 1450ms=0 1500ms=0 1550ms=0 1600ms=0 1650ms=0 1700ms=0 1750ms=0 1800ms=0 1850ms=0 1900ms=0 1950ms=0 2000ms=0 2050ms=0 2100ms=0 2150ms=0 2200ms=0 2250ms=0 2300ms=0 2350ms=0 2400ms=0 2450ms=0 2500ms=0 2550ms=0 2600ms=0 2650ms=0 2700ms=0 2750ms=0 2800ms=0 2850ms=0 2900ms=0 2950ms=0 3000ms=0 3050ms=0 3100ms=0 3150ms=0 3200ms=0 3250ms=0 3300ms=0 3350ms=0 3400ms=0 3450ms=0 3500ms=0 3550ms=0 3600ms=0 3650ms=0 3700ms=0 3750ms=0 3800ms=0 3850ms=0 3900ms=0 3950ms=0 4000ms=0 4050ms=0 4100ms=0 4150ms=0 4200ms=0 4250ms=0 4300ms=0 4350ms=0 4400ms=0 4450ms=0 4500ms=0 4550ms=0 4600ms=0 4650ms=0 4700ms=0 4750ms=0 4800ms=0 4850ms=0 4900ms=0 4950ms=0
50th gpu percentile: 2ms
90th gpu percentile: 4ms
95th gpu percentile: 5ms
99th gpu percentile: 7ms
GPU HISTOGRAM: 1ms=134 2ms=111 3ms=72 4ms=55 5ms=15 6ms=3 7ms=1 8ms=1 9ms=0 10ms=0 11ms=0 12ms=0 13ms=1 14ms=0 15ms=0 16ms=0 17ms=0 18ms=0 19ms=1 20ms=0 21ms=0 22ms=0 23ms=0 24ms=0 25ms=0 4950ms=0

Pipeline=Skia (Vulkan)
Memory policy:
  Max surface area: 2592000
  Max resource usage: 124.42MB (x48)
  Background retention: 50% (altUiHidden = true)
  GPU Context timeout: 10
Contexts: 1 (stopped = 0)
CPU Caches:
  Glyph Cache: 0.00 bytes (1 entry)
  Glyph Count: 0 
Total CPU memory usage:
  0 bytes, 0.00 bytes (0.00 bytes is purgeable)
GPU Caches:
  Other:
    Other: 0.00 bytes (1 entry)
  Image:
    Surface: 65.96 KB (2 entries)
  Scratch:
    Buffer Object: 96.00 KB (3 entries)
    Surface: 98.88 MB (22 entries)
Layer Info:
    VkLayer size 1080x2400
  Layers Total         10125.00 KB (numLayers = 1)
Total GPU memory usage:
  103845840 bytes, 99.04 MB (64.00 KB is purgeable)
Pipeline Cache: inactiveTextureView: 1080x2400

GraphicBufferAllocator buffers:
            Handle |         Size |     W (Stride) x H | Layers |   Format |      Usage | Requestor
0xb400007b0bdd5b90 | 10200.00 KiB | 1080 (1088) x 2400 |      1 |        1 | 0x     300 | SurfaceTexture-0-13356-0
0xb400007b0be7c710 | 10200.00 KiB | 1080 (1088) x 2400 |      1 |        1 | 0x     b00 | VRI[MainActivity]#0(BLAST Consumer)0
0xb400007b0be7c870 | 10200.00 KiB | 1080 (1088) x 2400 |      1 |        1 | 0x     b00 | VRI[MainActivity]#0(BLAST Consumer)0
0xb400007b0be7d0b0 | 10200.00 KiB | 1080 (1088) x 2400 |      1 |        1 | 0x     b00 | VRI[MainActivity]#0(BLAST Consumer)0
0xb400007b0be7ead0 | 10200.00 KiB | 1080 (1088) x 2400 |      1 |        1 | 0x     300 | SurfaceTexture-0-13356-0
0xb400007b0be7f470 | 10200.00 KiB | 1080 (1088) x 2400 |      1 |        1 | 0x     b00 | VRI[MainActivity]#0(BLAST Consumer)0
0xb400007b0be7fcb0 | 10200.00 KiB | 1080 (1088) x 2400 |      1 |        1 | 0x     300 | SurfaceTexture-0-13356-0
0xb400007b0be7ff70 | 10200.00 KiB | 1080 (1088) x 2400 |      1 |        1 | 0x     300 | SurfaceTexture-0-13356-0
0xb400007b0be830f0 | 10200.00 KiB | 1080 (1088) x 2400 |      1 |        1 | 0x     300 | SurfaceTexture-0-13356-0
0xb400007b0be84dd0 | 10200.00 KiB | 1080 (1088) x 2400 |      1 |        1 | 0x     b00 | VRI[MainActivity]#0(BLAST Consumer)0
Total allocated by GraphicBufferAllocator (estimate): 102000.00 KB
Imported gralloc buffers:
Total imported by gralloc: 0KiB

Profile data in ms:

	org.ultimatemaps.spike.maplibre/org.ultimatemaps.spike.MainActivity/android.view.ViewRootImpl@e356de4 (visibility=0)
Window: org.ultimatemaps.spike.maplibre/org.ultimatemaps.spike.MainActivity
Stats since: 36559176513740ns
Total frames rendered: 394
Janky frames: 1 (0.25%)
Janky frames (legacy): 0 (0.00%)
50th percentile: 5ms
90th percentile: 6ms
95th percentile: 7ms
99th percentile: 9ms
Number Missed Vsync: 0
Number High input latency: 169
Number Slow UI thread: 0
Number Slow bitmap uploads: 0
Number Slow issue draw commands: 1
Number Frame deadline missed: 1
Number Frame deadline missed (legacy): 0
HISTOGRAM: 5ms=315 6ms=54 7ms=18 8ms=3 9ms=1 10ms=0 11ms=1 12ms=0 13ms=0 14ms=0 15ms=1 16ms=0 17ms=0 18ms=0 19ms=0 20ms=0 21ms=1 22ms=0 23ms=0 24ms=0 25ms=0 26ms=0 27ms=0 28ms=0 29ms=0 30ms=0 31ms=0 32ms=0 34ms=0 36ms=0 38ms=0 40ms=0 42ms=0 44ms=0 46ms=0 48ms=0 53ms=0 57ms=0 61ms=0 65ms=0 69ms=0 73ms=0 77ms=0 81ms=0 85ms=0 89ms=0 93ms=0 97ms=0 101ms=0 105ms=0 109ms=0 113ms=0 117ms=0 121ms=0 125ms=0 129ms=0 133ms=0 150ms=0 200ms=0 250ms=0 300ms=0 350ms=0 400ms=0 450ms=0 500ms=0 550ms=0 600ms=0 650ms=0 700ms=0 750ms=0 800ms=0 850ms=0 900ms=0 950ms=0 1000ms=0 1050ms=0 1100ms=0 1150ms=0 1200ms=0 1250ms=0 1300ms=0 1350ms=0 1400ms=0 1450ms=0 1500ms=0 1550ms=0 1600ms=0 1650ms=0 1700ms=0 1750ms=0 1800ms=0 1850ms=0 1900ms=0 1950ms=0 2000ms=0 2050ms=0 2100ms=0 2150ms=0 2200ms=0 2250ms=0 2300ms=0 2350ms=0 2400ms=0 2450ms=0 2500ms=0 2550ms=0 2600ms=0 2650ms=0 2700ms=0 2750ms=0 2800ms=0 2850ms=0 2900ms=0 2950ms=0 3000ms=0 3050ms=0 3100ms=0 3150ms=0 3200ms=0 3250ms=0 3300ms=0 3350ms=0 3400ms=0 3450ms=0 3500ms=0 3550ms=0 3600ms=0 3650ms=0 3700ms=0 3750ms=0 3800ms=0 3850ms=0 3900ms=0 3950ms=0 4000ms=0 4050ms=0 4100ms=0 4150ms=0 4200ms=0 4250ms=0 4300ms=0 4350ms=0 4400ms=0 4450ms=0 4500ms=0 4550ms=0 4600ms=0 4650ms=0 4700ms=0 4750ms=0 4800ms=0 4850ms=0 4900ms=0 4950ms=0
50th gpu percentile: 2ms
90th gpu percentile: 4ms
95th gpu percentile: 5ms
99th gpu percentile: 7ms
GPU HISTOGRAM: 1ms=134 2ms=111 3ms=72 4ms=55 5ms=15 6ms=3 7ms=1 8ms=1 9ms=0 10ms=0 11ms=0 12ms=0 13ms=1 14ms=0 15ms=0 16ms=0 17ms=0 18ms=0 19ms=1 20ms=0 21ms=0 22ms=0 23ms=0 24ms=0 25ms=0 4950ms=0



---PROFILEDATA---
Flags,FrameTimelineVsyncId,IntendedVsync,Vsync,InputEventId,HandleInputStart,AnimationStart,PerformTraversalsStart,DrawStart,FrameDeadline,FrameStartTime,FrameInterval,WorkloadTarget,AnimationTime,AnimationCounter,SyncQueued,SyncStart,IssueDrawCommandsStart,SwapBuffers,FrameCompleted,DequeueBufferDuration,QueueBufferDuration,GpuCompleted,SwapBuffersCompleted,DisplayPresentTime,CommandSubmissionCompleted,
0,1696911,36564020024078,36564020024078,-986666733,36564020670968,36564021263050,36564021266061,36564021348540,36564053288392,36564020667551,16665236,16600000,36564020024078,-1,36564021425607,36564022085723,36564022171986,36564022766794,36564025717030,17741,507447,36564025717030,36564023381133,36564047128691,36564022766794,
0,1696926,36564036684006,36564036684006,-403413560,36564037482248,36564040444040,36564040445016,36564040487415,36564069953628,36564037469878,16666237,16600000,36564036684006,-1,36564040541289,36564041017607,36564041145578,36564042014230,36564043272531,22339,498331,36564043272531,36564042697702,36564063854888,36564042014230,
0,1696941,36564053358316,36564053358316,-730063774,36564054072539,36564056092070,36564056096180,36564056206450,36564086619865,36564054063058,16666039,16600000,36564053358316,-1,36564056312000,36564057140125,36564057250640,36564057966908,36564059320260,16072,635050,36564059320260,36564058910470,36564080463490,36564057966908,
0,1696956,36564070022111,36564070022111,-944403490,36564070842477,36564072742258,36564072742909,36564072777983,36564103285904,36564070830474,16665201,16600000,36564070022111,-1,36564072809600,36564073245024,36564073292795,36564073796131,36564075297881,10457,342326,36564075297881,36564074253610,36564097148019,36564073796131,
0,1696970,36564086682587,36564086682587,-158534488,36564087456084,36564089490101,36564089490752,36564089541940,36564119951105,36564087442616,16667263,16600000,36564086682587,-1,36564089576893,36564090296579,36564090363555,36564090864409,36564094132557,12695,414470,36564094132557,36564091391550,36564113797271,36564090864409,
0,1696983,36564103374044,36564103374044,-513528810,36564104714548,36564106808542,36564106812448,36564106931589,36564136618368,36564104702178,16666974,16600000,36564103374044,-1,36564107061390,36564107973215,36564108254139,36564109131703,36564109844105,19735,589640,36564109556670,36564109844105,36564130510690,36564109131703,
0,1696996,36564120037743,36564120037743,-990353594,36564120758412,36564122798003,36564122801665,36564122901112,36564153285342,36564120747588,16668116,16600000,36564120037743,-1,36564123007232,36564123556914,36564123691476,36564124354277,36564125519154,19938,346598,36564125519154,36564124801950,36564147194162,36564124354277,
0,1697021,36564153377915,36564153377915,-402087116,36564154081735,36564155939808,36564155944040,36564156125884,36564169977915,36564154071603,16669398,16600000,36564153377915,-1,36564156265003,36564156526641,36564156558949,36564156826730,36564158379749,8748,197550,36564158379749,36564157069284,36564180502756,36564156826730,
0,1697034,36564170064743,36564170064743,-743172702,36564170872344,36564173260690,36564173263905,36564173389393,36564186664743,36564170858306,16669398,16600000,36564170064743,-1,36564173520863,36564173842884,36564173890125,36564174243600,36564177282053,14241,212037,36564177282053,36564174513579,36564197183094,36564174243600,
0,1697047,36564186734141,36564186734141,-367392607,36564187538685,36564190338246,36564190344105,36564190486642,36564203334141,36564187526926,16672130,16600000,36564186734141,-1,36564190644113,36564191198719,36564191290475,36564191685902,36564192425729,12695,393677,36564192425729,36564192171294,36564213839019,36564191685902,
0,1697060,36564203433004,36564203433004,-770478581,36564204551299,36564208360015,36564208361927,36564208453968,36564220033004,36564204535552,16672377,16600000,36564203433004,-1,36564208536488,36564209284901,36564209394194,36564210382598,36564211116891,21485,602173,36564210950957,36564211116891,36564230527984,36564210382598,
0,1697073,36564220119942,36564220119942,-281332506,36564220929473,36564223579904,36564223679514,36564223804798,36564236719942,36564220915638,16672023,16600000,36564220119942,-1,36564223888783,36564225319894,36564225461577,36564226858265,36564227987985,24496,692912,36564227987985,36564227785267,36564247197132,36564226858265,
0,1697086,36564236787197,36564236787197,-921676669,36564237963937,36564239963042,36564239963897,36564240000314,36564253387197,36564237953317,16671282,16600000,36564236787197,-1,36564240053578,36564240618641,36564240717274,36564241371774,36564243471343,18880,165853,36564243471343,36564241596058,36564263907907,36564241371774,
0,1697099,36564253448748,36564253448748,-792876057,36564254197173,36564256768421,36564256771432,36564256858509,36564270048748,36564254187163,16670866,16600000,36564253448748,-1,36564257009307,36564257961008,36564258089344,36564258813140,36564262222604,22013,424927,36564262222604,36564259387888,36564280492949,36564258813140,
0,1697112,36564270116232,36564270116232,-306628669,36564271453317,36564273296213,36564273299224,36564273461537,36564286716232,36564271443307,16670395,16600000,36564270116232,-1,36564273544422,36564274127349,36564274271717,36564275031483,36564275621815,19287,436971,36564275538237,36564275621815,36564297170155,36564275031483,
0,1697125,36564286782727,36564286782727,-481710979,36564287699289,36564287758005,36564287762725,36564288249460,36564303382727,36564287683786,16673838,16600000,36564286782727,-1,36564288425811,36564289267892,36564289449696,36564290376861,36564293730335,22664,647339,36564293730335,36564291160552,36564313835072,36564290376861,
0,1697132,36564303484913,36564303484913,0,36564304463734,36564304468983,36564304473011,36564304637033,36564320084913,36564304451364,16671142,16600000,36564303484913,-1,36564304801543,36564305731719,36564305883900,36564306757801,36564310835479,22664,586589,36564310835479,36564307478179,36564330503610,36564306757801,
0,1697139,36564320126845,36564320126845,0,36564320899403,36564320905506,36564320909575,36564321068511,36564336726845,36564320885609,16669424,16600000,36564320126845,-1,36564321223906,36564322102650,36564322198882,36564323174549,36564323857370,23397,555827,36564323652780,36564323857370,36564347158029,36564323174549,
0,1697153,36564336751997,36564336751997,-782954147,36564337756133,36564340730051,36564340735503,36564341073353,36564353351997,36564337742095,16666419,16600000,36564336751997,-1,36564341256540,36564341827992,36564341923369,36564342567779,36564343231149,21607,396444,36564343231149,36564343086048,36564363855539,36564342567779,
0,1697168,36564353418416,36564353418416,-575700791,36564354324167,36564358069569,36564358072051,36564358183135,36564370018416,36564354313058,16665988,16600000,36564353418416,-1,36564358278187,36564358946970,36564358987456,36564359507964,36564360504343,10498,260783,36564360504343,36564359860829,36564380488229,36564359507964,
0,1697183,36564370082150,36564370082150,-206876228,36564370833810,36564372142933,36564372144195,36564372196725,36564386682150,36564370827463,16664762,16600000,36564370082150,-1,36564372254261,36564372787180,36564372867014,36564373449574,36564377449492,15299,219320,36564377449492,36564373726022,36564397181914,36564373449574,
0,1697198,36564386741069,36564386741069,-40425679,36564387732289,36564389734567,36564389735788,36564389785674,36564403341069,36564387722726,16665547,16600000,36564386741069,-1,36564389836252,36564390091297,36564390131621,36564391362171,36564392567209,329386,574788,36564392567209,36564392200021,36564413864247,36564391362171,
0,1697213,36564403403800,36564403403800,-461405791,36564404329212,36564405592315,36564405593332,36564405648955,36564420003800,36564404323597,16664923,16600000,36564403403800,-1,36564405703114,36564406683013,36564406765085,36564407538482,36564409677072,17619,603800,36564409677072,36564408297108,36564430490834,36564407538482,
0,1697228,36564420061651,36564420061651,-800803152,36564421049997,36564424230498,36564424234811,36564424418283,36564436661651,36564421036203,16664645,16600000,36564420061651,-1,36564424594146,36564425703236,36564425805165,36564426860991,36564427765370,22787,764404,36564427570423,36564427765370,36564447151193,36564426860991,
0,1697243,36564436726498,36564436726498,-701606217,36564437184803,36564437765980,36564437766875,36564437814076,36564453326498,36564437180612,16664577,16600000,36564436726498,-1,36564437867217,36564438172678,36564438210153,36564438484120,36564440597930,5737,170980,36564440597930,36564438690296,36564463885243,36564438484120,
0,1697258,36564453395379,36564453395379,-1038284846,36564454280262,36564455477121,36564455478993,36564455552032,36564469995379,36564454274444,16664221,16600000,36564453395379,-1,36564455624297,36564456153431,36564456212513,36564456699615,36564457314442,15543,249716,36564457314442,36564457018788,36564480526031,36564456699615,
0,1697273,36564470055563,36564470055563,-66550574,36564470869821,36564471926299,36564471927845,36564471994048,36564486655563,36564470863596,16663833,16600000,36564470055563,-1,36564472109852,36564472529245,36564472606556,36564473040150,36564476494455,14119,280437,36564476494455,36564473382069,36564497193918,36564473040150,
0,1697288,36564486715007,36564486715007,-508808484,36564487635568,36564488803415,36564488804432,36564488882110,36564503315007,36564487625965,16666001,16600000,36564486715007,-1,36564488954172,36564489330799,36564489383656,36564489964955,36564492927194,16195,278890,36564492927194,36564490310088,36564513905954,36564489964955,
0,1697302,36564503405003,36564503405003,-739926050,36564504076039,36564505370798,36564505372100,36564505447173,36564520005003,36564504067982,16668821,16600000,36564503405003,-1,36564505521270,36564505920725,36564505993397,36564506478911,36564507301828,12248,259562,36564507301828,36564506803741,36564530688954,36564506478911,
0,1697315,36564520096308,36564520096308,-285296346,36564520639353,36564521406564,36564521408314,36564521471953,36564536696308,36564520634632,16669258,16600000,36564520096308,-1,36564521539906,36564521788726,36564521827422,36564522182932,36564526693063,8585,316243,36564526693063,36564522574126,36564547425689,36564522182932,
0,1697328,36564536769105,36564536769105,-539261709,36564537427805,36564538930531,36564538932362,36564538994943,36564553369105,36564537422108,16671194,16600000,36564536769105,-1,36564539050160,36564539459136,36564539535227,36564540054147,36564543397409,16887,258952,36564543397409,36564540378163,36564563975941,36564540054147,
0,1697341,36564553460071,36564553460071,-1020699928,36564554106760,36564555524891,36564555527292,36564555620432,36564570060071,36564554101511,16677194,16600000,36564553460071,-1,36564555709462,36564556379912,36564556451568,36564556935699,36564559169545,16154,329345,36564559169545,36564557357777,36564580591257,36564556935699,
0,1697354,36564570199183,36564570199183,-440708397,36564570781809,36564572244821,36564572246815,36564572317209,36564586799183,36564570775909,16684036,16600000,36564570199183,-1,36564572385121,36564572831817,36564572888010,36564573356109,36564575809071,12451,280192,36564575809071,36564573704253,36564597350453,36564573356109,
0,1697367,36564586953154,36564586953154,-144975561,36564587881825,36564589413929,36564589415231,36564589466501,36564603553154,36564587876535,16685931,16600000,36564586953154,-1,36564589512928,36564589801218,36564589839711,36564590211740,36564592725249,9644,239136,36564592725249,36564590507313,36564613954457,36564590211740,
0,1697380,36564603647857,36564603647857,-374545598,36564604419911,36564606045765,36564606047963,36564606105132,36564620247857,36564604413116,16683464,16600000,36564603647857,-1,36564606150868,36564606488270,36564606532134,36564606949737,36564608786773,11393,296956,36564608786773,36564607308176,36564630597889,36564606949737,
0,1697393,36564620299672,36564620299672,-586202307,36564621125437,36564623107655,36564623112009,36564623233713,36564636899672,36564621117705,16685064,16600000,36564620299672,-1,36564623360178,36564624091135,36564624227813,36564624912831,36564626661529,22623,412475,36564626661529,36564625439157,36564647253814,36564624912831,
0,1697406,36564636995584,36564636995584,-161508510,36564637738148,36564639835804,36564639839467,36564639956776,36564653595584,36564637727854,16683787,16600000,36564636995584,-1,36564640132272,36564640513417,36564640554066,36564640868682,36564642466867,8341,175944,36564642466867,36564641104807,36564663890940,36564640868682,
0,1697419,36564653657637,36564653657637,-791725625,36564654352854,36564656558542,36564656562245,36564656670114,36564670257637,36564654342966,16679164,16600000,36564653657637,-1,36564656784209,36564657270863,36564657326364,36564657861236,36564659093210,13876,290731,36564659093210,36564658251942,36564680590606,36564657861236,
0,1697432,36564670289306,36564670289306,-462931358,36564671044260,36564673207956,36564673212758,36564673329009,36564686889306,36564671034047,16673092,16600000,36564670289306,-1,36564673442575,36564674199981,36564674246937,36564674678985,36564678307484,12614,289103,36564678307484,36564675066395,36564697229074,36564674678985,
0,1697445,36564686906840,36564686906840,-726269513,36564687451731,36564689380604,36564689381581,36564689419463,36564703506840,36564687442168,16668229,16600000,36564686906840,-1,36564689455230,36564690086618,36564690180775,36564690972035,36564694016835,24048,360311,36564694016835,36564691458282,36564713906809,36564690972035,
0,1697459,36564703527784,36564703527784,-230898979,36564704149159,36564704890614,36564704891631,36564704926869,36564720127784,36564704145578,16663420,16600000,36564703527784,-1,36564704966257,36564705284128,36564705316884,36564705736399,36564706385568,7731,477091,36564706166574,36564706385568,36564730555979,36564705736399,
0,1697474,36564720154146,36564720154146,-471218502,36564721183257,36564723582590,36564723585723,36564723685617,36564736754146,36564721171457,16657130,16600000,36564720154146,-1,36564723782500,36564724184478,36564724243397,36564724637237,36564726380604,12044,227824,36564726380604,36564724917185,36564747233306,36564724637237,
0,1697489,36564736763987,36564736763987,-542989841,36564737629953,36564737687570,36564737691477,36564737837961,36564753363987,36564737616892,16653082,16600000,36564736763987,-1,36564738001698,36564738339222,36564738369577,36564738667551,36564740390736,10660,186768,36564740390736,36564738895131,36564763893137,36564738667551,
0,1697497,36564753392269,36564753392269,0,36564754562977,36564754568674,36564754572336,36564754728464,36564769992269,36564754391184,16653838,16600000,36564753392269,-1,36564754874786,36564755271311,36564755314808,36564755671945,36564758466176,13021,263305,36564758466176,36564756042592,36564780549061,36564755671945,
0,1697505,36564770054677,36564770054677,0,36564771630930,36564771636179,36564771640004,36564771796701,36564786654677,36564771614694,16654996,16600000,36564770054677,-1,36564771955149,36564772418487,36564772472645,36564772853952,36564774661447,9155,233765,36564774661447,36564773152618,36564797237172,36564772853952,
0,1697513,36564786723514,36564786723514,0,36564787490712,36564787492217,36564787493316,36564787543243,36564803323514,36564787486276,16659295,16600000,36564786723514,-1,36564787601307,36564788685902,36564788777984,36564789480743,36564790888376,19409,1279704,36564790692860,36564790888376,36564813926625,36564789480743,
0,1697521,36564803417847,36564803417847,0,36564803965647,36564803967518,36564803968983,36564804169423,36564820017847,36564803959828,16659857,16600000,36564803417847,-1,36564804237579,36564804727121,36564804788156,36564805254262,36564807353301,14567,304240,36564807353301,36564805635772,36564830607859,36564805254262,
0,1697529,36564820082937,36564820082937,-664184663,36564820773793,36564820775787,36564820777333,36564820842234,36564836682937,36564820767811,16659665,16600000,36564820082937,-1,36564820918243,36564821440785,36564821513824,36564822080108,36564823001210,16195,307739,36564823001210,36564822473418,36564847305490,36564822080108,
0,1697544,36564836746088,36564836746088,-512341636,36564837476958,36564839516224,36564839517201,36564839561350,36564853346088,36564837469634,16663897,16600000,36564836746088,-1,36564839604196,36564840175201,36564840249623,36564841073842,36564842174997,19083,402506,36564842174997,36564841618397,36564863957549,36564841073842,
0,1697558,36564853448113,36564853448113,-799514874,36564854301950,36564856351226,36564856354359,36564856407500,36564870048113,36564854292551,16667754,16600000,36564853448113,-1,36564856453318,36564856778269,36564856848378,36564857453602,36564859524851,15869,280477,36564859524851,36564857784616,36564880658274,36564857453602,
0,1697571,36564870149861,36564870149861,-505411532,36564871168243,36564873264312,36564873268015,36564873366363,36564886749861,36564871160349,16670940,16600000,36564870149861,-1,36564873470529,36564874188913,36564874364166,36564875041778,36564875927072,22909,418416,36564875927072,36564875608754,36564897324900,36564875041778,
0,1697584,36564886851101,36564886851101,-111074833,36564887961700,36564891963165,36564891964507,36564892049387,36564903451101,36564887952341,16671860,16600000,36564886851101,-1,36564892095245,36564892439524,36564892521433,36564892848378,36564893593820,9888,348592,36564893593820,36564893303781,36564913973866,36564892848378,
0,1697597,36564903532058,36564903532058,-386522571,36564904347767,36564906329579,36564906330637,36564906377837,36564920132058,36564904339914,16675125,16600000,36564903532058,-1,36564906423858,36564906947092,36564907001047,36564909154286,36564909848337,10783,179281,36564909848337,36564909386301,36564930644968,36564909154286,
0,1697610,36564920235382,36564920235382,-155901635,36564920890492,36564923484120,36564923488799,36564923742299,36564936835382,36564920880889,16676632,16600000,36564920235382,-1,36564923865630,36564924630808,36564924718576,36564925452585,36564926281239,21729,463582,36564926281239,36564926088083,36564947314808,36564925452585,
0,1697623,36564936924350,36564936924350,-1035540928,36564937559600,36564938826690,36564938829416,36564938919382,36564953524350,36564937554717,16677292,16600000,36564936924350,-1,36564939006093,36564939766469,36564939864410,36564940196848,36564941965972,16601,207112,36564941965972,36564940444162,36564963968414,36564940196848,
0,1697636,36564953602875,36564953602875,-983145037,36564954550608,36564955660267,36564955662709,36564955734527,36564970202875,36564954543121,16676858,16600000,36564953602875,-1,36564955807973,36564956056630,36564956099314,36564956370106,36564957753488,8708,200074,36564957753488,36564956606597,36564980631093,36564956370106,
0,1697649,36564970272834,36564970272834,-579869664,36564970889638,36564972800567,36564972804066,36564972904083,36564986872834,36564970880726,16676409,16600000,36564970272834,-1,36564973006337,36564974025298,36564974111806,36564974918365,36564975715240,20793,545655,36564975606475,36564975715240,36564997345082,36564974918365,
0,1697662,36564986942028,36564986942028,-207332452,36564987490061,36564988920888,36564988923655,36564989010609,36565003542028,36564987484568,16674576,16600000,36564986942028,-1,36564989095326,36564989583485,36564989678781,36564990195871,36564991932850,18147,484538,36564991932850,36564990767974,36565014044911,36564990195871,
0,1697675,36565003597554,36565003597554,-1020511580,36565004245513,36565005531565,36565005534616,36565005625315,36565020197554,36565004238230,16671576,16600000,36565003597554,-1,36565005716298,36565006193064,36565006252105,36565006927317,36565007937408,13916,253255,36565007937408,36565007258615,36565030636993,36565006927317,
0,1697688,36565020242556,36565020242556,-750447596,36565020873158,36565021978383,36565021980051,36565022038685,36565036842556,36565020867502,16670797,16600000,36565020242556,-1,36565022097157,36565022479115,36565022527943,36565022911936,36565024467803,10498,328817,36565024467803,36565023310699,36565047309804,36565022911936,
0,1697701,36565036910816,36565036910816,-467549242,36565037447702,36565038139353,36565038140370,36565038187408,36565053510816,36565037443755,16671574,16600000,36565036910816,-1,36565038236195,36565038514638,36565038545155,36565038805124,36565042142445,6185,234660,36565042142445,36565039092193,36565064011504,36565038805124,
0,1697714,36565053594720,36565053594720,-20013511,36565054011260,36565054941436,36565054942616,36565054992462,36565070194720,36565054006662,16669317,16600000,36565053594720,-1,36565055036163,36565055392689,36565055445587,36565055854807,36565057099558,11638,1171712,36565056660715,36565057099558,36565080680165,36565055854807,
0,1697739,36565086901648,36565086901648,-305624825,36565087393951,36565087907907,36565087908477,36565087943430,36565103501648,36565087391428,16668338,16600000,36565086901648,-1,36565088135731,36565088380360,36565088407297,36565088654001,36565093010162,9277,170613,36565093010162,36565088866526,36565113989857,36565088654001,
0,1697752,36565103571262,36565103571262,-353788039,36565104399485,36565106422678,36565106426299,36565106712514,36565120171262,36565104387074,16668338,16600000,36565103571262,-1,36565106886871,36565107244415,36565107275705,36565108164784,36565111726470,132284,303914,36565111726470,36565108565093,36565130647694,36565108164784,
0,1697765,36565120239600,36565120239600,-895001829,36565120955963,36565121839182,36565121840891,36565121912383,36565136839600,36565120950347,16669422,16600000,36565120239600,-1,36565121979644,36565122216461,36565122259063,36565122601918,36565123718170,7853,192790,36565123718170,36565122835845,36565147336537,36565122601918,
0,1697778,36565136919473,36565136919473,-646034746,36565137450510,36565138384633,36565138385853,36565138439686,36565153519473,36565137446075,16669111,16600000,36565136919473,-1,36565138491648,36565139385324,36565139464833,36565140228993,36565141426422,20100,438273,36565141426422,36565140767079,36565164026967,36565140228993,
0,1697791,36565153597945,36565153597945,-608446972,36565154218780,36565155115590,36565155116851,36565155171254,36565170197945,36565154215118,16667810,16600000,36565153597945,-1,36565155219634,36565155630482,36565155685943,36565156194325,36565159852650,15381,309407,36565159852650,36565156583485,36565180768422,36565156194325,
0,1697804,36565170250347,36565170250347,-1007380128,36565170895985,36565172339507,36565172341379,36565172429962,36565186850347,36565170891509,16667728,16600000,36565170250347,-1,36565172493723,36565173148386,36565173213043,36565174329131,36565176275950,17944,315307,36565176275950,36565174767445,36565197320749,36565174329131,
0,1697817,36565186916572,36565186916572,-17121635,36565187542226,36565189045928,36565189048044,36565189123240,36565203516572,36565187538563,16667848,16600000,36565186916572,-1,36565189186920,36565189710601,36565189759267,36565190286122,36565192821726,9725,352986,36565192821726,36565190731719,36565214002105,36565190286122,
0,1697830,36565203588107,36565203588107,-811339358,36565204429311,36565206107004,36565206109690,36565206182484,36565220188107,36565204423939,16670222,16600000,36565203588107,-1,36565206246164,36565206742950,36565206796376,36565207273630,36565208918324,16886,342774,36565208918324,36565207705596,36565230675160,36565207273630,
0,1697843,36565220288297,36565220288297,-505330089,36565220902577,36565221325510,36565221326487,36565221362945,36565236888297,36565220899810,16668646,16600000,36565220288297,-1,36565221400624,36565221628367,36565221660837,36565221881296,36565223019236,7202,189006,36565223019236,36565222103790,36565247320790,36565221881296,
0,1697856,36565236929683,36565236929683,-823692545,36565237811269,36565237859161,36565237861480,36565237941233,36565253529683,36565237802357,16668476,16600000,36565236929683,-1,36565238020456,36565238625600,36565238716908,36565239282297,36565245053537,17985,365397,36565245053537,36565239738799,36565264028147,36565239282297,
0,1697863,36565253599252,36565253599252,0,36565254515045,36565254517893,36565254520049,36565254626617,36565270199252,36565254507639,16669166,16600000,36565253599252,-1,36565254744577,36565255420440,36565255498321,36565255983917,36565259015736,14038,488037,36565259015736,36565256631133,36565280762400,36565255983917,
0,1697870,36565270270355,36565270270355,0,36565270848419,36565270850087,36565270851877,36565270901275,36565286870355,36565270842722,16666692,16600000,36565270270355,-1,36565270946889,36565271411692,36565271480702,36565271901479,36565276155263,11800,307780,36565276155263,36565272287383,36565297352488,36565271901479,
0,1697877,36565286913561,36565286913561,0,36565287721750,36565287724680,36565287727406,36565287827219,36565303513561,36565287712310,16667515,16600000,36565286913561,-1,36565287936228,36565288603586,36565288681589,36565289294138,36565292567291,15218,350626,36565292567291,36565289753896,36565314040517,36565289294138,
0,1697884,36565303587705,36565303587705,0,36565304423695,36565304426625,36565304429148,36565304524566,36565320187705,36565304415883,16671521,16600000,36565303587705,-1,36565304621531,36565305237294,36565305316721,36565305819569,36565309949167,14119,350911,36565309949167,36565306259511,36565330712595,36565305819569,
0,1697891,36565320296309,36565320296309,0,36565321158233,36565321161814,36565321164703,36565321276112,36565336896309,36565321149037,16670395,16600000,36565320296309,-1,36565321393056,36565321927642,36565322013336,36565322614695,36565324237945,16521,333415,36565324237945,36565323046295,36565347320871,36565322614695,
0,1697898,36565336954696,36565336954696,0,36565337723093,36565337726837,36565337729644,36565337829009,36565353554696,36565337714548,16669875,16600000,36565336954696,-1,36565337930002,36565338401072,36565338479400,36565339014638,36565342385203,16195,325683,36565342385203,36565339431060,36565364000844,36565339014638,
0,1697905,36565353620644,36565353620644,0,36565354806793,36565354811147,36565354813791,36565354917510,36565370220644,36565354796620,16668807,16600000,36565353620644,-1,36565355016387,36565355673411,36565355746164,36565356412953,36565358487742,16439,349609,36565358487742,36565356863881,36565380769114,36565356412953,
0,1697912,36565370282573,36565370282573,0,36565371251088,36565371255198,36565371259023,36565371366566,36565386882573,36565371241811,16666985,16600000,36565370282573,-1,36565371480010,36565372185414,36565372262400,36565372909128,36565374886342,17537,568400,36565374886342,36565373596628,36565397357452,36565372909128,
0,1697919,36565386928907,36565386928907,0,36565387964345,36565387968780,36565387972442,36565388178212,36565403528907,36565387951324,16665298,16600000,36565386928907,-1,36565388301300,36565389117624,36565389192982,36565390012441,36565390578074,20223,435466,36565390560536,36565390578074,36565414057566,36565390012441,
0,1697927,36565403578522,36565403578522,0,36565405024688,36565405030588,36565405035186,36565405238637,36565420178522,36565405009633,16671422,16600000,36565403578522,-1,36565405641632,36565406929351,36565407092478,36565408549875,36565410380076,35197,726277,36565410380076,36565409450266,36565430715728,36565408549875,
0,1697934,36565420303990,36565420303990,0,36565421093821,36565421096140,36565421098175,36565421174713,36565436903990,36565421087677,16669639,16600000,36565420303990,-1,36565421261016,36565421918650,36565422002024,36565422594716,36565425059560,15788,382121,36565425059560,36565423072703,36565447463246,36565422594716,
0,1697941,36565436956777,36565436956777,0,36565437645416,36565437647817,36565437650461,36565437715403,36565453556777,36565437640207,16669554,16600000,36565436956777,-1,36565437776153,36565438557322,36565438663401,36565439496042,36565440462758,18067,428833,36565440462758,36565440095123,36565464113555,36565439496042,
0,1697948,36565453627258,36565453627258,0,36565454236724,36565454239044,36565454241282,36565454314768,36565470227258,36565454229766,16669044,16600000,36565453627258,-1,36565454402333,36565455089182,36565455193430,36565456132598,36565457032745,18026,392415,36565457032745,36565456613637,36565480726674,36565456132598,
0,1697955,36565470292460,36565470292460,0,36565471121734,36565471126332,36565471130767,36565471252756,36565486892460,36565471109527,16670404,16600000,36565470292460,-1,36565471385894,36565472651641,36565472745839,36565473486277,36565474080515,22013,427408,36565474080515,36565474042877,36565497447906,36565473486277,
0,1697962,36565486983918,36565486983918,0,36565487819488,36565487823964,36565487828359,36565487960520,36565503583918,36565487808217,16671989,16600000,36565486983918,-1,36565488231435,36565489051503,36565489228464,36565490634348,36565492138173,20996,779012,36565492138173,36565491595367,36565514188873,36565490634348,
0,1697969,36565503672760,36565503672760,0,36565504560780,36565504565175,36565504569732,36565504697987,36565520272760,36565504548451,16670996,16600000,36565503672760,-1,36565504957957,36565505869903,36565506006622,36565506982696,36565510196807,25065,1114705,36565510196807,36565508274932,36565530738962,36565506982696,
0,1697976,36565520332502,36565520332502,0,36565521206492,36565521211456,36565521215972,36565521334014,36565536932502,36565521194041,16674855,16600000,36565520332502,-1,36565521467681,36565522279001,36565522407501,36565523730499,36565526767323,23071,791179,36565526767323,36565524675120,36565547373850,36565523730499,
0,1697983,36565537038295,36565537038295,0,36565538252960,36565538258290,36565538263173,36565538411326,36565553638295,36565538237864,16678884,16600000,36565537038295,-1,36565538653269,36565539610382,36565539735626,36565540860789,36565543519643,30721,488281,36565543519643,36565541479604,36565564073516,36565540860789,
0,1697990,36565553755600,36565553755600,0,36565554627960,36565554630279,36565554632314,36565554715566,36565570355600,36565554620717,16677637,16600000,36565553755600,-1,36565554807037,36565555705678,36565555836537,36565556967641,36565558426829,23560,1104532,36565558426829,36565558245229,36565580771270,36565556967641,
0,1697997,36565570412617,36565570412617,0,36565571254791,36565571260162,36565571264719,36565571391428,36565587012617,36565571242340,16672330,16600000,36565570412617,-1,36565571525299,36565572326039,36565572396555,36565572986643,36565575026438,18026,429810,36565575026438,36565573529612,36565597378977,36565572986643,
0,1698004,36565587033282,36565587033282,0,36565588412791,36565588417144,36565588421539,36565588534169,36565603633282,36565588400543,16668526,16600000,36565587033282,-1,36565588661733,36565589358835,36565589438100,36565590069773,36565595276072,17130,430095,36565595276072,36565590602976,36565614132070,36565590069773,
0,1698011,36565603669867,36565603669867,0,36565604600128,36565604604766,36565604609364,36565604726959,36565620269867,36565604587310,16670028,16600000,36565603669867,-1,36565604853668,36565606109161,36565606197499,36565607019806,36565610039459,22583,501546,36565610039459,36565607738800,36565630707957,36565607019806,
0,1698018,36565620350982,36565620350982,0,36565621681264,36565621684519,36565621687286,36565621792144,36565636950982,36565621670400,16665687,16600000,36565620350982,-1,36565621913604,36565623958770,36565624253367,36565625540680,36565628881052,40202,743246,36565628881052,36565626497141,36565647430450,36565625540680,
0,1698026,36565636978203,36565636978203,0,36565637988027,36565637990346,36565637992584,36565638071238,36565653578203,36565637981191,16666040,16600000,36565636978203,-1,36565638154856,36565638770050,36565638840484,36565639394846,36565641610138,15665,359212,36565641610138,36565639844594,36565664113596,36565639394846,
0,1698034,36565653654432,36565653654432,0,36565654453643,36565654458241,36565654462595,36565654593495,36565670254432,36565654440989,16664445,16600000,36565653654432,-1,36565654729807,36565655617665,36565655769358,36565656791168,36565657795888,22136,434245,36565657795888,36565657364980,36565680752431,36565656791168,
0,1698042,36565670300802,36565670300802,0,36565671481598,36565671485219,36565671488637,36565671585846,36565686900802,36565671471466,16663128,16600000,36565670300802,-1,36565671691274,36565672707550,36565672822418,36565673739613,36565674388661,22298,505534,36565674326853,36565674388661,36565697491607,36565673739613,
0,1698050,36565686957995,36565686957995,0,36565687927236,36565687931020,36565687935089,36565688134836,36565703557995,36565687916778,16665773,16600000,36565686957995,-1,36565688254832,36565689111684,36565689149444,36565689395172,36565691550038,7487,144490,36565691550038,36565689575632,36565714110870,36565689395172,
0,1698058,36565703648519,36565703648519,0,36565705159128,36565705162302,36565705164581,36565705273793,36565720248519,36565705150299,16664218,16600000,36565703648519,-1,36565705392568,36565706714874,36565707053171,36565709054026,36565709873972,42969,607788,36565709356150,36565709873972,36565730836659,36565709054026,
0,1698066,36565720302559,36565720302559,0,36565721333241,36565721336456,36565721338979,36565721463816,36565736902559,36565721324859,16667752,16600000,36565720302559,-1,36565721589874,36565722194325,36565722279164,36565722852569,36565726993560,13265,346924,36565726993560,36565723278879,36565747458689,36565722852569,
0,1698073,36565737006440,36565737006440,0,36565737949697,36565737953033,36565737955393,36565738082468,36565753606440,36565737941803,16668006,16600000,36565737006440,-1,36565738199615,36565738816965,36565738901194,36565739461781,36565742050852,17579,347778,36565742050852,36565739901072,36565764118683,36565739461781,
0,1698080,36565753677323,36565753677323,0,36565754548655,36565754552439,36565754555206,36565754693227,36565770277323,36565754538116,16674838,16600000,36565753677323,-1,36565754845204,36565755844146,36565755929026,36565756794545,36565757595652,21973,475098,36565757595652,36565757392608,36565780766143,36565756794545,
0,1698087,36565770408732,36565770408732,0,36565771254954,36565771259755,36565771264435,36565771384470,36565787008732,36565771242787,16673296,16600000,36565770408732,-1,36565771492380,36565771682525,36565771696685,36565771852244,36565774979685,4842,96883,36565774979685,36565771972646,36565797469309,36565771852244,
0,1698094,36565787067819,36565787067819,0,36565787836415,36565787839019,36565787841135,36565787924754,36565803667819,36565787829946,16672405,16600000,36565787067819,-1,36565788063995,36565788253448,36565788268015,36565788415964,36565790050364,4191,94157,36565790050364,36565788532013,36565814181671,36565788415964,
0,1698101,36565803729786,36565803729786,0,36565804555369,36565804557851,36565804560048,36565804640452,36565820329786,36565804548248,16670874,16600000,36565803729786,-1,36565804727203,36565804947621,36565804960846,36565805106679,36565805718902,4314,113769,36565805718902,36565805241811,36565830786855,36565805106679,
0,1698108,36565820383309,36565820383309,0,36565821121938,36565821125315,36565821128367,36565821225250,36565836983309,36565821112254,16670099,16600000,36565820383309,-1,36565821327952,36565821948191,36565822148386,36565822837555,36565823885284,27954,951009,36565823402903,36565823885284,36565847521393,36565822837555,
0,1698115,36565837048313,36565837048313,0,36565837988271,36565837992584,36565837995676,36565838109283,36565853648313,36565837979197,16673380,16600000,36565837048313,-1,36565838227284,36565839706533,36565839843699,36565841922719,36565843002716,53589,900797,36565842191721,36565843002716,36565864112742,36565841922719,
0,1698122,36565853750282,36565853750282,0,36565854644399,36565854649363,36565854653920,36565854793528,36565870350282,36565854631459,16669823,16600000,36565853750282,-1,36565854941518,36565855651113,36565855779856,36565856385528,36565859896637,12167,733398,36565859896637,36565857206899,36565880798085,36565856385528,
0,1698129,36565870389732,36565870389732,0,36565870847809,36565870848744,36565870849395,36565870887359,36565886989732,36565870845123,16670862,16600000,36565870389732,-1,36565870925608,36565871588735,36565871719879,36565872443756,36565876841461,19491,386190,36565876841461,36565872936513,36565897516510,36565872443756,
0,1698136,36565887073847,36565887073847,0,36565887694610,36565887697988,36565887701161,36565887803456,36565903673847,36565887685577,16669262,16600000,36565887073847,-1,36565887910878,36565888154042,36565888172556,36565888334137,36565892311757,5249,133545,36565892311757,36565888491567,36565914138295,36565888334137,
0,1698143,36565903724977,36565903724977,0,36565904449656,36565904451243,36565904451894,36565904517079,36565920324977,36565904443715,16666832,16600000,36565903724977,-1,36565904582672,36565905121450,36565905184479,36565905514801,36565908105458,13712,186157,36565908105458,36565905744415,36565930796458,36565905514801,
0,1698150,36565920372629,36565920372629,0,36565921628652,36565921635895,36565921640167,36565921863067,36565936972629,36565921612376,16669515,16600000,36565920372629,-1,36565922087595,36565923364085,36565923820506,36565925237579,36565927002553,39469,1389486,36565926964060,36565927002553,36565947528920,36565925237579,
0,1698157,36565937066860,36565937066860,0,36565937732900,36565937737009,36565937740509,36565937852773,36565953666860,36565937722442,16668142,16600000,36565937066860,-1,36565937971995,36565939000519,36565939079783,36565940707916,36565941290313,19654,410400,36565940707916,36565941290313,36565964146840,36565940707916,
0,1698164,36565953722768,36565953722768,0,36565954439239,36565954442779,36565954444732,36565954529815,36565970322768,36565954431549,16667420,16600000,36565953722768,-1,36565954621734,36565955300934,36565955397166,36565956165029,36565960057037,16073,419474,36565960057037,36565956704376,36563947152048,36565956165029,
0,1698171,36565970382007,36565970382007,0,36565971305003,36565971309601,36565971313548,36565971489817,36565986982007,36565971290395,16670516,16600000,36565970382007,-1,36565971679352,36565972917796,36565973079986,36565974231516,36565975073964,32796,639730,36565974932322,36565975073964,36563963787830,36565974231516,
0,1698178,36565987081157,36565987081157,0,36565987842682,36565987846100,36565987849477,36565987938670,36566003681157,36565987833852,16669425,16600000,36565987081157,-1,36565988110382,36565988665110,36565988786651,36565989445628,36565990330556,17131,497722,36565990330556,36565990078766,36563980459054,36565989445628,
0,1698185,36566003739806,36566003739806,0,36566004704702,36566004708730,36566004713246,36566004819041,36566020339806,36566004692983,16666692,16600000,36566003739806,-1,36566004937408,36566005735789,36566005867706,36566006583648,36566007272329,18554,523235,36566007272329,36566007247874,36563997115996,36566006583648,
0,1698192,36566020383218,36566020383218,0,36566021175120,36566021180369,36566021184723,36566021303904,36566036983218,36566021162180,16666689,16600000,36566020383218,-1,36566021435252,36566022282379,36566022416412,36566023359568,36566024350494,24007,497029,36566024350494,36566023998362,36564013793975,36566023359568,
0,1698199,36566037052335,36566037052335,0,36566038264435,36566038269887,36566038274770,36566038452830,36566053652335,36566038247833,16666961,16600000,36566037052335,-1,36566038646230,36566039859283,36566040163808,36566041349558,36566042002919,33977,287150,36566042002919,36566041713979,36564030453602,36566041349558,
---PROFILEDATA---


View hierarchy:

  org.ultimatemaps.spike.maplibre/org.ultimatemaps.spike.MainActivity/android.view.ViewRootImpl@e356de4
  10 views, 17,26 kB of render nodes


Total ViewRootImpl   : 1
Total attached Views : 10
Total RenderNode     : 17,26 kB (used) / 52,80 kB (capacity)

